Массив длинной 10:

666 219 572 207 544 927 224 432 677 93 

93 207 219 224 432 544 572 666 677 927 
Массив длинной 100:

985 878 717 434 796 201 103 652 568 188 66 584 612 937 914 597 70 834 586 381 955 42 303 677 620 632 214 290 754 512 868 530 399 142 37 78 776 943 466 991 414 539 84 734 366 82 607 635 293 947 856 389 846 295 138 943 574 40 814 163 987 812 898 56 320 536 185 470 900 836 820 127 368 594 966 415 957 569 311 538 25 578 996 807 656 478 683 103 3 93 503 736 129 302 3 601 640 28 413 830 

3 3 25 28 37 40 42 56 66 70 78 82 84 93 103 103 127 129 138 142 163 185 188 201 214 290 293 295 302 303 311 320 366 368 381 389 399 413 414 415 434 466 470 478 503 512 530 536 538 539 568 569 574 578 584 586 594 597 601 607 612 620 632 635 640 652 656 677 683 717 734 736 754 776 796 807 812 814 820 830 834 836 846 856 868 878 898 900 914 937 943 943 947 955 957 966 985 987 991 996 
Массив длинной 1000:

896 137 735 457 126 729 21 251 328 722 985 4 729 276 137 408 816 91 400 842 852 81 466 806 332 84 998 65 590 364 775 929 156 481 641 888 843 539 681 926 456 431 774 281 108 499 7 853 165 595 785 549 628 571 977 815 670 929 124 41 731 955 660 964 947 56 848 247 634 248 565 276 410 473 385 420 306 184 697 833 77 144 899 995 579 225 300 585 503 826 217 914 414 639 195 500 770 810 334 52 650 759 218 916 30 509 138 155 185 556 508 486 231 291 964 586 56 665 385 721 755 263 744 808 31 650 861 771 277 884 649 496 850 645 182 317 926 983 965 69 87 145 399 946 318 731 683 122 675 609 444 105 425 612 296 387 15 410 885 379 647 367 878 301 907 11 635 585 109 646 659 72 699 315 634 609 863 797 490 299 966 738 95 667 439 543 70 237 348 794 302 516 97 586 422 719 267 98 39 306 95 97 13 28 949 372 406 110 978 687 524 217 919 586 412 908 271 210 861 363 940 397 237 315 343 143 975 113 892 914 342 764 758 183 203 869 725 67 717 67 137 960 259 661 270 85 596 511 173 514 448 56 237 676 365 697 859 697 685 806 396 292 217 64 344 759 459 736 382 543 182 204 492 794 225 980 138 576 45 257 546 463 940 378 466 285 527 82 817 505 9 27 381 911 670 844 742 195 316 510 626 860 129 630 331 243 564 442 450 385 559 283 652 427 260 932 352 839 598 58 232 377 918 876 533 154 822 581 123 380 237 943 259 534 631 686 334 309 47 222 721 84 631 432 946 726 375 954 650 737 492 903 596 257 278 248 941 253 96 176 421 982 319 69 148 616 23 118 795 573 598 43 792 375 337 147 745 486 929 807 779 868 930 385 888 333 346 1 256 382 744 81 212 870 801 739 765 562 284 330 702 256 158 77 139 449 111 221 920 131 503 455 323 289 397 552 51 934 181 814 269 22 862 412 829 517 830 921 574 598 382 183 201 599 104 522 709 853 246 439 222 125 80 124 879 289 757 922 473 248 687 831 381 469 60 680 394 746 248 622 618 189 646 322 748 319 253 723 185 874 843 198 687 741 592 144 941 737 532 539 759 907 448 325 910 551 802 731 539 424 128 963 605 623 820 32 478 758 376 559 35 34 737 599 405 489 143 639 877 915 738 657 213 708 863 711 741 321 411 197 517 521 184 760 746 880 592 64 920 559 666 183 360 973 504 725 169 849 920 421 408 162 854 623 686 470 750 897 760 109 291 157 346 178 42 514 849 977 853 524 896 78 718 318 249 555 296 239 204 138 541 892 400 990 789 354 667 561 74 275 129 694 303 811 268 509 836 182 930 989 875 192 996 395 524 329 444 535 373 130 173 510 693 622 567 398 756 355 389 687 846 287 902 577 395 201 775 906 49 739 718 114 308 214 262 348 896 4 466 460 910 131 187 944 101 619 1 681 243 869 752 481 792 243 143 588 289 418 0 322 553 537 486 634 411 59 201 479 360 219 502 752 889 929 777 714 100 958 475 775 200 93 663 179 987 237 321 65 70 673 58 477 3 143 906 372 645 553 532 42 418 522 321 24 367 0 591 863 465 428 488 331 942 225 122 460 874 306 647 173 737 135 408 686 160 25 748 745 23 404 69 546 426 433 357 677 772 638 812 986 646 458 599 642 185 727 534 778 21 446 498 339 906 359 304 282 114 634 864 342 251 846 840 61 359 941 905 509 868 444 687 235 493 660 527 279 535 765 500 432 490 970 724 577 906 729 640 66 129 74 563 137 774 470 734 800 618 538 282 244 822 25 910 576 758 262 846 245 831 24 746 348 134 431 851 281 121 263 154 630 301 838 379 793 881 549 461 22 925 727 661 997 483 256 610 464 59 147 818 644 883 394 235 104 327 214 3 343 619 453 678 355 383 652 943 984 645 116 695 208 801 823 320 104 363 749 865 878 821 386 221 974 444 510 746 906 603 275 465 666 546 118 403 472 48 306 613 830 313 626 818 942 452 610 842 59 73 130 741 578 349 124 522 232 231 703 910 873 905 36 380 370 650 28 662 683 419 848 55 56 135 34 565 194 568 279 522 834 667 686 833 472 533 887 317 421 596 171 241 345 395 739 924 277 245 447 291 423 948 159 640 225 74 684 442 314 559 327 664 952 181 76 206 218 202 908 837 763 710 240 86 248 607 710 661 395 109 288 949 120 987 98 886 507 46 607 397 849 444 2 861 268 507 288 164 319 533 705 74 336 610 528 712 707 72 392 618 364 23 46 

0 0 1 1 2 3 3 4 4 7 9 11 13 15 21 21 22 22 23 23 23 24 24 25 25 27 28 28 30 31 32 34 34 35 36 39 41 42 42 43 45 46 46 47 48 49 51 52 55 56 56 56 56 58 58 59 59 59 60 61 64 64 65 65 66 67 67 69 69 69 70 70 72 72 73 74 74 74 74 76 77 77 78 80 81 81 82 84 84 85 86 87 91 93 95 95 96 97 97 98 98 100 101 104 104 104 105 108 109 109 109 110 111 113 114 114 116 118 118 120 121 122 122 123 124 124 124 125 126 128 129 129 129 130 130 131 131 134 135 135 137 137 137 137 138 138 138 139 143 143 143 143 144 144 145 147 147 148 154 154 155 156 157 158 159 160 162 164 165 169 171 173 173 173 176 178 179 181 181 182 182 182 183 183 183 184 184 185 185 185 187 189 192 194 195 195 197 198 200 201 201 201 202 203 204 204 206 208 210 212 213 214 214 217 217 217 218 218 219 221 221 222 222 225 225 225 225 231 231 232 232 235 235 237 237 237 237 237 239 240 241 243 243 243 244 245 245 246 247 248 248 248 248 248 249 251 251 253 253 256 256 256 257 257 259 259 260 262 262 263 263 267 268 268 269 270 271 275 275 276 276 277 277 278 279 279 281 281 282 282 283 284 285 287 288 288 289 289 289 291 291 291 292 296 296 299 300 301 301 302 303 304 306 306 306 306 308 309 313 314 315 315 316 317 317 318 318 319 319 319 320 321 321 321 322 322 323 325 327 327 328 329 330 331 331 332 333 334 334 336 337 339 342 342 343 343 344 345 346 346 348 348 348 349 352 354 355 355 357 359 359 360 360 363 363 364 364 365 367 367 370 372 372 373 375 375 376 377 378 379 379 380 380 381 381 382 382 382 383 385 385 385 385 386 387 389 392 394 394 395 395 395 395 396 397 397 397 398 399 400 400 403 404 405 406 408 408 408 410 410 411 411 412 412 414 418 418 419 420 421 421 421 422 423 424 425 426 427 428 431 431 432 432 433 439 439 442 442 444 444 444 444 444 446 447 448 448 449 450 452 453 455 456 457 458 459 460 460 461 463 464 465 465 466 466 466 469 470 470 472 472 473 473 475 477 478 479 481 481 483 486 486 486 488 489 490 490 492 492 493 496 498 499 500 500 502 503 503 504 505 507 507 508 509 509 509 510 510 510 511 514 514 516 517 517 521 522 522 522 522 524 524 524 527 527 528 532 532 533 533 533 534 534 535 535 537 538 539 539 539 541 543 543 546 546 546 549 549 551 552 553 553 555 556 559 559 559 559 561 562 563 564 565 565 567 568 571 573 574 576 576 577 577 578 579 581 585 585 586 586 586 588 590 591 592 592 595 596 596 596 598 598 598 599 599 599 603 605 607 607 609 609 610 610 610 612 613 616 618 618 618 619 619 622 622 623 623 626 626 628 630 630 631 631 634 634 634 634 635 638 639 639 640 640 641 642 644 645 645 645 646 646 646 647 647 649 650 650 650 650 652 652 657 659 660 660 661 661 661 662 663 664 665 666 666 667 667 667 670 670 673 675 676 677 678 680 681 681 683 683 684 685 686 686 686 686 687 687 687 687 687 693 694 695 697 697 697 699 702 703 705 707 708 709 710 710 711 712 714 717 718 718 719 721 721 722 723 724 725 725 726 727 727 729 729 729 731 731 731 734 735 736 737 737 737 737 738 738 739 739 739 741 741 741 742 744 744 745 745 746 746 746 746 748 748 749 750 752 752 755 756 757 758 758 758 759 759 759 760 760 763 764 765 765 770 771 772 774 774 775 775 775 777 778 779 785 789 792 792 793 794 794 795 797 800 801 801 802 806 806 807 808 810 811 812 814 815 816 817 818 818 820 821 822 822 823 826 829 830 830 831 831 833 833 834 836 837 838 839 840 842 842 843 843 844 846 846 846 848 848 849 849 849 850 851 852 853 853 853 854 859 860 861 861 861 862 863 863 863 864 865 868 868 869 869 870 873 874 874 875 876 877 878 878 879 880 881 883 884 885 886 887 888 888 889 892 892 896 896 896 897 899 902 903 905 905 906 906 906 906 906 907 907 908 908 910 910 910 910 911 914 914 915 916 918 919 920 920 920 921 922 924 925 926 926 929 929 929 929 930 930 932 934 940 940 941 941 941 942 942 943 943 944 946 946 947 948 949 949 952 954 955 958 960 963 964 964 965 966 970 973 974 975 977 977 978 980 982 983 984 985 986 987 987 989 990 995 996 997 998 
Массив длинной 10000:

205 271 377 543 964 82 190 698 172 595 510 988 318 708 378 818 740 318 546 342 862 403 214 612 509 458 385 178 434 654 988 33 826 397 797 590 891 963 323 82 129 835 533 478 826 622 209 4 329 254 651 300 818 680 184 801 57 764 34 506 696 11 263 517 606 477 161 921 910 788 926 776 994 463 212 26 869 735 786 886 249 381 849 179 3 688 214 145 212 995 532 126 929 817 385 117 571 16 871 349 460 287 93 541 327 874 305 354 468 158 931 322 978 147 256 315 162 84 514 918 262 16 708 915 255 800 847 176 78 95 455 853 863 436 426 961 287 308 852 128 382 860 677 54 63 210 147 781 561 70 955 487 501 953 87 444 579 178 285 527 27 129 276 372 702 77 458 542 721 294 27 853 231 385 535 401 339 653 851 44 653 65 615 7 139 968 352 910 349 981 382 108 22 325 101 253 583 304 351 985 752 605 60 266 42 101 255 115 417 685 104 925 327 240 874 961 513 269 233 734 725 548 193 739 912 919 831 906 284 282 818 34 301 865 292 47 5 348 964 37 713 236 492 663 876 456 781 781 450 140 739 314 70 617 260 203 412 320 354 123 270 348 831 135 867 69 623 461 948 826 955 165 304 195 21 488 55 529 862 455 138 49 455 144 542 503 964 684 605 88 635 685 993 841 767 364 405 357 796 806 832 319 833 624 184 573 10 875 596 771 147 883 457 898 984 220 892 686 592 364 105 939 855 859 190 270 171 463 428 656 83 698 733 55 623 818 215 831 959 969 492 89 87 834 940 752 227 95 856 546 472 718 764 431 701 893 463 974 433 914 401 547 446 939 687 449 150 401 275 166 5 60 727 623 871 16 851 21 918 438 42 76 606 882 183 364 933 301 354 729 354 241 397 45 567 945 642 148 146 491 602 826 819 689 541 411 991 141 560 684 41 442 56 995 871 325 940 564 755 322 515 848 46 545 811 763 663 681 56 925 374 703 874 426 836 216 257 916 341 772 373 791 740 670 688 912 184 402 174 241 5 78 392 823 975 753 779 273 878 777 748 310 85 634 310 338 567 629 158 654 67 23 223 983 949 723 108 376 857 899 579 260 506 814 920 295 311 50 450 82 437 983 38 563 24 62 706 105 360 349 344 554 243 520 174 982 855 408 874 252 645 403 415 978 197 487 803 271 714 14 27 516 179 75 217 84 984 659 959 887 17 2 15 508 555 24 16 986 639 938 440 902 176 198 437 33 568 60 365 536 258 434 391 346 322 827 375 168 302 90 997 195 449 986 234 642 387 907 423 173 470 817 631 776 573 124 340 980 637 183 515 924 293 422 628 583 610 669 185 728 649 848 683 549 940 244 453 189 964 794 645 660 636 192 66 441 802 615 773 197 487 394 530 119 574 72 902 26 358 651 32 718 721 695 524 621 133 81 835 328 671 150 16 843 537 855 287 100 356 186 780 995 895 987 240 254 318 564 975 867 342 426 831 312 762 927 938 941 668 444 307 720 779 444 526 337 378 687 581 718 785 801 670 172 871 37 823 733 454 269 303 568 105 967 986 245 318 703 80 610 916 345 432 912 878 59 215 451 461 903 876 631 983 257 82 540 756 659 441 725 104 204 487 398 140 739 615 811 458 280 18 674 606 971 802 439 368 757 293 812 821 371 272 550 393 672 585 848 885 445 489 659 262 355 506 711 858 34 772 139 444 403 992 181 885 201 25 11 455 643 171 998 365 629 903 732 932 936 5 468 153 766 926 12 791 358 411 250 464 90 580 334 985 153 367 417 378 90 665 191 646 573 393 242 273 490 293 633 451 774 778 922 28 303 986 678 477 980 389 526 790 774 547 364 62 837 13 212 261 486 353 841 270 813 821 579 372 683 739 300 64 778 799 690 311 658 305 681 167 689 939 398 700 139 401 872 26 29 180 436 477 81 371 965 420 937 651 215 481 407 305 794 241 89 461 11 974 856 52 403 531 331 44 571 546 954 140 131 411 949 552 343 503 302 822 982 406 834 269 374 6 90 200 760 384 145 157 611 677 390 897 169 976 776 905 146 36 800 418 466 796 520 803 532 854 962 291 938 266 478 605 140 587 678 396 440 131 284 187 401 796 529 453 21 51 383 366 726 396 676 946 606 416 803 578 486 286 667 906 421 854 219 344 199 785 757 582 297 379 464 15 752 612 16 669 266 66 782 481 471 595 564 542 590 532 998 724 783 99 910 154 463 378 765 547 577 184 254 236 294 800 69 347 932 660 193 993 399 133 311 420 503 185 434 826 289 677 754 666 786 32 799 197 469 309 551 373 847 469 92 82 812 545 186 670 526 216 609 929 338 5 325 650 788 490 650 278 943 939 257 900 429 587 449 261 1 871 877 622 109 819 146 929 41 229 607 957 998 764 299 73 67 825 327 781 707 148 409 979 658 273 430 907 212 191 652 224 95 924 669 655 338 987 819 519 858 395 609 558 882 692 279 179 639 184 833 604 260 668 554 852 461 898 963 835 389 238 717 849 576 383 861 73 94 644 734 80 5 808 922 311 539 850 97 965 994 250 268 27 358 48 963 427 370 817 194 440 23 983 129 620 678 760 982 498 831 205 84 995 450 753 598 451 746 243 313 610 801 997 841 138 970 689 490 527 419 434 703 277 450 293 56 21 678 302 633 779 868 598 134 789 166 273 577 605 450 511 680 126 503 583 639 26 142 991 650 988 269 454 78 396 501 807 544 156 696 576 773 444 609 533 741 202 862 52 972 696 112 884 77 908 753 577 773 866 654 30 879 687 651 645 509 413 520 738 287 358 728 420 908 873 738 236 516 969 842 436 163 90 18 953 876 385 377 170 642 924 33 678 502 666 697 85 792 964 24 328 681 124 764 613 968 691 975 203 169 516 60 803 24 217 866 789 668 697 768 124 36 350 95 363 324 49 918 242 176 653 444 552 945 513 754 38 325 405 985 184 409 173 0 125 864 230 654 284 799 908 416 94 196 900 291 331 28 400 289 918 772 733 26 516 72 507 858 510 462 828 463 263 712 583 714 862 349 969 499 94 395 633 442 268 236 349 356 45 222 423 9 925 116 67 412 675 146 484 53 356 372 143 821 971 444 153 382 612 185 428 982 59 900 194 522 138 290 758 280 723 151 812 287 39 818 538 147 645 171 38 715 864 916 143 722 252 812 471 823 82 967 743 860 793 440 950 24 921 544 273 385 388 204 329 204 559 855 782 153 906 5 736 440 146 712 117 142 757 472 270 326 819 934 197 755 407 952 494 598 867 513 225 100 897 653 327 660 586 939 162 396 30 317 917 76 230 303 714 80 323 807 267 449 274 947 565 453 6 573 796 607 361 183 285 393 779 636 542 492 385 456 556 817 309 874 296 502 17 120 525 104 237 413 275 60 245 776 825 950 88 873 654 12 142 555 34 846 31 523 296 593 760 221 695 866 251 449 140 400 650 63 436 885 48 691 369 947 907 225 147 3 811 591 403 511 802 543 674 754 839 449 470 493 823 931 343 16 718 409 808 795 636 425 300 25 437 768 964 451 185 87 939 806 376 293 782 168 817 183 63 708 775 385 561 201 592 942 61 116 347 353 228 497 416 351 367 385 291 378 74 34 578 223 568 751 509 663 117 530 149 175 198 535 345 100 20 250 864 99 432 494 706 847 103 832 858 441 389 25 925 396 877 439 109 29 129 551 816 809 691 929 825 531 967 172 154 693 152 315 330 116 521 191 946 579 328 731 120 736 892 68 274 92 604 752 297 759 426 316 971 469 433 55 408 503 669 174 880 930 677 165 289 73 694 808 875 685 492 530 700 398 430 80 916 622 654 733 926 215 875 395 266 835 344 861 683 466 783 442 910 153 850 190 59 727 778 200 397 795 876 611 266 896 615 573 38 353 138 785 848 935 247 664 54 281 898 454 729 833 125 408 901 50 619 547 547 240 20 189 843 454 336 131 338 263 128 370 219 770 822 330 327 998 594 974 905 185 135 777 828 324 470 564 670 468 709 216 276 68 26 798 332 949 941 393 599 116 326 790 153 528 234 958 10 795 81 903 455 645 642 361 104 243 360 519 984 772 460 870 554 912 94 151 744 24 997 377 56 200 374 788 859 345 624 300 90 511 553 875 387 806 760 630 426 664 694 88 588 422 409 827 655 456 236 240 433 83 214 986 797 703 846 255 270 853 502 759 619 60 429 472 218 585 483 747 151 464 725 79 330 908 789 634 791 547 132 402 108 383 866 6 297 566 77 683 959 505 360 572 162 934 469 528 992 937 608 70 973 488 88 969 358 134 656 888 914 211 463 723 720 99 650 235 193 422 174 652 507 799 788 646 103 152 917 395 438 260 641 853 938 62 429 619 294 897 648 163 909 189 769 747 41 636 851 63 284 234 334 570 762 955 562 173 700 442 865 205 216 261 449 653 569 610 784 658 669 30 940 296 773 10 743 318 29 40 604 467 300 854 110 204 926 71 90 983 500 256 919 851 32 442 946 647 739 116 177 431 852 193 393 254 294 38 797 752 212 243 144 659 838 398 905 362 151 245 727 498 519 801 157 413 110 88 263 330 63 95 578 912 862 172 614 106 461 856 910 887 274 338 770 256 111 260 12 633 537 584 496 494 389 679 912 51 35 979 143 205 774 466 688 116 665 231 796 666 783 798 901 295 334 839 224 180 30 901 301 850 75 630 792 479 599 83 523 183 259 563 71 481 712 705 113 807 650 653 591 880 463 346 849 739 683 201 159 550 454 732 20 134 677 292 129 144 673 208 517 581 708 613 406 220 726 419 582 629 726 416 529 376 309 421 387 729 780 53 795 398 923 973 729 527 542 936 803 420 575 968 134 441 136 10 172 850 939 628 12 263 619 530 823 37 202 643 824 256 905 400 364 620 413 119 657 734 883 879 678 789 616 161 54 757 282 88 240 299 249 537 789 151 40 532 779 393 149 691 324 898 112 546 514 175 604 513 28 17 352 437 966 60 950 223 646 457 475 66 754 114 403 525 7 367 610 212 580 880 339 263 585 191 554 780 677 69 646 879 152 769 59 223 946 811 570 728 201 817 885 322 918 82 936 210 495 586 539 147 564 392 933 147 677 88 851 774 506 170 545 577 810 596 913 985 54 180 578 195 797 882 11 763 995 17 345 502 254 343 284 91 530 499 314 760 836 911 545 857 959 796 222 31 271 308 511 321 169 950 155 315 7 343 349 682 381 169 152 659 743 348 519 162 885 453 47 310 282 152 149 143 634 720 235 1 659 979 491 687 506 24 333 304 187 969 83 186 149 632 379 666 759 886 114 610 276 59 145 818 261 201 39 16 801 12 680 286 107 348 22 401 677 465 153 718 15 215 974 916 370 860 160 649 772 483 384 748 606 624 724 599 833 673 426 304 985 316 502 174 288 796 78 800 609 978 988 293 732 395 595 60 84 229 447 400 41 389 244 317 628 932 680 482 624 422 567 4 39 848 733 698 712 800 627 573 781 359 40 794 494 90 15 211 29 664 514 604 225 25 263 595 72 185 546 356 116 596 176 186 411 984 254 883 661 897 347 284 601 873 618 681 349 450 823 538 916 469 453 959 907 962 778 13 585 138 626 527 254 271 457 185 182 853 383 510 835 132 549 132 316 230 2 351 406 582 246 622 362 7 439 646 142 216 278 448 205 240 298 523 271 820 30 330 416 433 498 495 67 312 702 783 919 321 643 677 960 427 607 3 891 3 165 246 831 810 42 965 574 934 304 595 834 26 860 495 199 672 935 973 83 751 555 49 304 656 727 821 573 601 487 778 633 294 632 267 655 784 498 605 390 532 920 132 7 107 949 893 460 147 478 287 491 633 919 139 448 115 941 175 83 221 392 973 446 526 961 539 394 593 840 414 174 330 583 550 830 423 41 197 706 834 360 425 122 200 286 999 375 492 819 539 842 322 522 168 140 947 685 481 145 410 498 867 306 63 113 161 50 369 309 24 73 743 469 248 860 967 850 246 239 961 164 901 773 301 572 851 808 414 410 883 737 560 51 295 335 493 118 59 86 125 949 5 182 794 465 98 853 273 307 173 96 438 241 183 246 596 93 5 491 262 353 636 959 426 286 512 691 173 913 367 848 791 160 114 12 158 719 979 835 473 997 534 106 237 786 299 319 868 49 738 400 113 568 823 772 312 46 756 507 952 407 679 360 940 324 305 277 126 170 87 877 114 169 18 264 818 529 722 639 987 193 823 123 174 966 734 223 336 342 700 112 962 471 883 66 317 174 166 912 481 21 193 697 962 860 286 944 549 558 953 783 323 117 520 759 583 556 185 973 589 81 941 784 470 975 915 642 286 952 946 644 362 809 157 965 999 126 161 313 680 790 673 777 389 916 788 844 951 123 482 761 988 192 322 400 80 409 226 987 945 643 657 597 611 309 420 514 960 554 759 456 394 871 292 798 408 163 394 554 186 70 691 162 469 185 655 170 487 757 885 590 899 174 368 37 133 75 166 80 495 274 884 396 364 25 366 116 899 523 991 917 14 672 800 874 951 495 128 426 653 250 26 203 669 168 557 220 503 255 665 332 997 314 58 912 186 295 798 443 818 538 270 963 765 968 576 227 374 494 85 637 947 739 426 245 247 680 727 195 468 146 613 644 857 659 920 699 613 888 687 656 697 685 608 114 980 62 438 700 592 329 846 8 170 28 385 257 888 812 664 506 567 603 974 671 924 625 106 105 47 876 613 485 807 428 940 261 131 311 265 185 242 26 602 139 300 605 473 829 273 662 811 801 223 180 89 94 710 936 190 354 956 332 653 715 715 360 201 742 87 123 126 576 547 479 264 541 0 835 371 319 152 276 831 385 65 812 261 626 339 846 551 194 121 910 228 909 373 887 423 940 403 731 741 150 536 235 253 744 916 547 94 875 565 870 202 679 501 267 650 903 98 575 402 241 572 931 454 637 250 354 167 112 411 430 915 420 535 681 848 830 559 517 709 791 752 675 629 251 708 548 408 105 237 519 841 828 328 499 577 605 780 616 493 561 380 981 464 134 954 781 144 819 419 820 344 581 865 611 489 896 301 203 928 702 946 62 875 891 589 87 92 35 103 243 49 943 23 147 411 770 211 494 296 927 404 588 685 416 175 260 963 717 10 680 303 577 687 791 614 317 105 572 545 867 688 108 716 176 770 401 557 717 199 718 685 806 906 1 297 358 376 458 716 328 124 374 25 422 939 472 255 231 532 93 665 639 949 429 238 295 872 509 646 774 703 245 517 291 995 496 670 685 493 256 941 646 856 217 743 314 83 293 237 297 145 325 184 105 53 46 857 477 763 2 486 866 812 941 625 878 856 734 426 442 802 570 738 276 152 18 783 732 686 924 212 578 272 348 628 377 60 412 237 949 639 192 922 491 770 74 834 914 591 864 457 348 866 794 495 575 587 908 953 34 263 125 791 839 790 907 594 463 313 247 818 444 496 477 802 609 647 247 505 77 183 869 140 821 466 863 711 477 853 53 790 151 458 203 686 514 401 83 700 862 479 371 600 343 45 12 852 389 991 885 927 339 402 875 851 394 984 969 372 926 196 117 609 260 457 666 986 293 791 288 207 564 546 643 597 812 268 796 775 454 11 322 485 967 125 450 748 582 351 292 529 431 711 774 666 362 761 340 886 378 26 559 597 703 677 363 793 759 277 39 125 188 193 918 915 874 631 641 134 7 918 403 941 499 759 776 853 771 977 235 50 927 910 396 427 452 725 782 289 761 656 988 305 312 166 340 237 793 858 792 731 120 205 878 460 623 617 97 943 901 510 21 782 42 988 198 278 797 490 463 148 848 352 373 350 929 98 628 333 419 538 60 913 184 503 930 721 31 936 804 834 627 839 388 251 635 206 262 323 968 62 440 302 395 643 882 768 832 528 531 524 988 764 524 363 450 108 597 538 58 476 246 861 685 628 521 9 963 122 715 723 836 305 365 356 97 757 517 541 621 161 889 502 404 280 845 863 315 24 800 526 608 723 264 492 815 579 616 766 121 872 804 710 812 808 688 683 399 167 265 692 591 55 917 897 586 743 456 405 782 658 694 938 321 188 114 112 40 872 540 518 140 750 420 748 357 179 689 596 591 162 463 147 759 107 935 552 805 367 905 71 123 211 983 463 178 865 388 624 693 575 642 526 626 747 552 840 635 169 539 407 53 859 814 620 194 546 179 213 253 562 306 673 967 469 395 929 767 957 569 492 790 65 903 15 519 937 521 11 555 95 916 635 828 498 18 263 397 363 268 631 685 175 370 130 269 969 558 157 352 623 73 678 600 46 617 988 956 798 100 256 25 167 658 158 645 671 844 469 451 131 531 403 688 937 806 614 695 772 746 550 379 363 659 932 22 238 35 781 880 29 307 598 262 11 606 517 517 212 485 597 124 89 706 220 91 669 989 662 240 2 292 183 51 550 877 661 508 726 136 407 635 63 588 421 824 932 141 676 331 288 97 482 287 148 425 289 657 438 840 352 248 373 541 878 737 123 547 712 134 944 9 791 76 77 962 61 500 285 396 159 528 313 331 951 905 810 896 903 124 587 4 69 885 783 159 262 522 710 684 701 385 428 542 386 279 305 406 210 186 364 788 371 42 681 824 935 41 590 972 926 227 643 587 546 940 940 905 293 918 700 538 790 601 695 773 99 770 944 671 599 403 686 716 760 798 632 26 204 958 223 220 932 737 757 473 741 840 995 445 338 400 113 291 486 825 998 770 347 907 725 164 96 918 373 522 541 926 827 747 307 913 701 334 694 479 606 52 844 221 31 258 775 498 333 199 290 394 230 934 800 861 679 296 233 59 123 14 364 234 932 814 13 247 138 424 698 778 596 6 218 945 926 125 875 466 388 597 584 173 231 146 696 892 947 446 234 404 101 635 355 592 688 609 288 217 244 527 360 908 500 512 797 223 716 854 935 553 420 766 670 525 429 190 2 786 118 121 299 692 190 294 677 961 651 626 257 316 836 658 221 861 236 676 673 719 348 472 176 92 510 680 983 334 964 829 162 497 607 502 98 123 228 668 717 206 835 835 572 89 597 619 716 762 544 809 288 753 517 282 437 645 944 206 181 510 310 342 997 821 464 759 708 334 560 98 633 568 958 466 884 513 900 87 495 891 963 221 790 155 540 409 980 324 65 453 178 21 487 207 895 492 838 750 625 838 910 382 201 446 176 720 794 50 398 924 745 857 711 290 547 89 552 842 280 54 778 383 269 106 919 611 80 751 571 391 674 149 461 657 980 580 19 344 978 819 615 929 926 141 708 320 309 196 660 806 940 996 469 570 59 526 112 95 526 564 640 42 479 6 249 595 396 54 309 966 69 208 863 461 439 849 457 128 398 599 302 884 91 765 451 678 680 890 597 453 468 924 817 414 179 572 450 920 891 112 924 255 886 693 736 732 133 8 131 210 69 984 696 927 262 755 951 713 555 570 915 505 456 856 498 145 390 448 281 866 398 536 236 285 674 46 997 397 28 718 544 671 758 387 384 483 227 890 152 424 621 736 364 320 197 418 798 30 195 591 341 684 727 265 811 532 748 410 252 215 758 553 685 836 25 243 746 68 472 14 917 500 296 857 244 661 172 915 87 255 247 966 201 436 377 860 944 493 576 851 735 817 637 937 665 68 50 528 294 953 672 730 558 181 674 841 388 870 21 149 360 832 322 996 967 791 351 249 459 165 299 253 492 620 279 99 862 358 191 176 610 644 620 133 583 517 408 20 761 535 471 74 472 426 490 902 494 641 970 874 717 801 68 129 654 418 238 937 901 574 978 30 678 844 538 716 211 188 412 449 382 330 487 923 694 225 781 65 130 376 605 221 388 317 459 809 575 491 479 165 279 471 119 186 556 441 395 627 888 774 691 305 228 520 491 386 314 144 434 428 637 173 806 525 969 757 641 361 385 729 140 719 709 247 170 911 211 300 367 253 829 154 177 356 685 300 993 867 825 72 494 431 56 50 528 105 664 594 217 799 799 34 241 158 633 971 596 980 350 580 175 13 777 181 598 482 995 450 839 669 764 774 535 313 234 709 662 658 719 64 247 616 83 567 453 795 913 18 722 714 704 13 517 245 896 481 653 875 451 45 110 213 754 548 35 25 498 927 923 924 308 937 260 285 332 558 930 209 727 803 569 977 728 125 964 751 256 290 416 753 55 787 206 674 954 33 862 534 532 428 296 985 94 798 405 766 752 232 912 338 551 444 147 648 476 132 485 628 583 284 768 208 510 170 869 520 731 586 330 299 696 395 677 299 506 583 882 930 719 198 998 24 377 78 202 611 639 558 198 821 548 233 950 248 659 88 475 924 928 884 35 166 901 613 641 155 766 848 141 892 250 555 909 385 285 744 830 432 968 258 881 173 387 509 750 463 444 429 640 418 108 957 1 834 163 831 122 764 436 46 844 791 416 305 570 993 324 565 962 914 257 42 955 670 3 862 778 392 862 178 710 337 208 723 784 293 553 74 221 453 621 66 995 921 413 89 756 82 938 756 138 878 467 725 161 65 1 330 831 301 53 730 901 257 336 507 583 693 520 277 439 249 344 508 292 190 46 34 257 914 105 695 453 105 40 831 870 482 561 718 291 223 243 920 400 891 164 738 585 906 506 63 562 660 317 888 534 958 432 970 19 967 73 917 195 357 277 795 217 504 637 100 131 801 986 216 6 423 108 401 25 308 448 350 407 42 133 792 788 151 297 911 50 591 699 324 150 326 724 42 613 369 521 81 269 406 931 760 674 100 882 110 850 31 944 710 518 722 509 153 224 484 7 66 207 725 50 540 101 661 65 680 699 65 787 656 787 367 81 1 110 372 117 687 269 186 61 19 646 988 805 428 816 571 818 129 362 454 874 543 355 391 658 13 34 201 411 784 243 287 923 151 640 508 42 851 367 319 797 20 664 31 893 113 856 637 864 127 246 658 294 332 493 537 645 719 714 104 653 67 775 276 775 359 64 653 787 308 529 967 762 42 657 853 879 324 498 545 156 397 337 283 538 584 993 591 658 102 863 323 137 262 666 729 245 387 255 534 48 203 849 555 598 279 896 251 674 639 657 320 221 168 948 255 730 491 737 191 366 473 995 685 445 205 830 499 376 927 607 491 69 964 497 952 547 781 684 259 687 741 916 18 444 542 101 969 313 410 999 753 649 64 168 574 208 164 110 392 448 396 875 746 32 165 251 256 670 995 708 948 807 478 503 624 556 976 240 902 104 861 185 966 928 853 841 5 796 923 744 383 670 291 810 291 865 169 986 279 290 844 298 318 701 50 946 171 560 543 17 231 924 207 288 587 210 908 818 178 323 246 460 747 250 325 278 515 668 212 758 387 990 961 612 259 562 867 264 877 906 670 444 252 905 513 459 462 2 222 80 957 350 807 955 43 384 551 67 376 772 431 502 348 784 630 241 962 595 29 24 343 644 941 271 653 802 207 842 737 866 815 512 446 131 801 36 182 5 568 874 11 799 887 104 475 168 95 468 274 272 496 867 973 197 736 312 409 535 302 241 176 708 330 510 957 919 56 216 982 594 58 956 26 154 13 543 756 836 796 484 706 739 567 465 370 947 539 248 394 489 626 646 703 327 698 302 469 377 147 556 111 879 485 680 214 539 840 818 184 193 555 573 739 817 534 436 141 864 140 9 379 808 822 493 967 411 253 699 456 710 73 379 689 240 373 827 253 886 251 830 107 721 63 201 933 53 907 886 792 262 160 605 236 137 176 303 57 992 713 802 286 141 362 473 119 176 883 499 444 707 183 255 613 309 902 658 744 620 559 913 503 366 906 194 549 468 142 552 63 69 770 260 172 448 544 965 358 589 82 757 169 408 442 85 78 905 991 927 234 517 559 436 433 799 299 919 234 168 924 650 33 331 435 374 936 922 83 164 764 937 299 154 538 802 744 95 924 821 115 644 476 215 317 545 510 334 827 373 149 625 731 190 665 431 723 837 972 67 148 156 821 827 162 297 217 404 898 630 55 203 994 412 52 279 173 818 14 889 864 602 94 710 15 139 206 109 488 106 79 906 123 857 673 958 822 649 52 20 328 105 435 197 317 945 630 318 138 385 257 904 823 82 203 545 61 111 811 23 91 108 916 791 550 148 80 137 739 93 456 523 766 994 561 758 166 897 392 69 508 887 970 102 848 175 82 40 654 128 897 711 837 28 928 219 189 644 646 168 865 493 579 44 929 733 137 829 520 444 378 164 719 742 515 203 137 813 942 375 66 39 483 611 196 745 686 737 65 342 569 522 250 223 203 15 308 926 173 115 37 253 519 209 749 732 991 95 513 725 81 376 702 270 102 826 9 968 847 183 47 400 764 178 875 856 913 495 538 499 895 211 639 827 338 813 519 273 861 463 753 590 223 340 261 192 819 979 121 377 5 340 78 990 67 637 489 341 334 893 819 496 556 14 829 869 736 875 932 289 307 736 106 384 429 457 176 423 917 682 37 933 374 161 494 554 132 648 759 701 324 177 939 968 643 257 34 209 510 391 455 944 47 831 70 269 233 693 561 610 460 65 423 651 856 885 122 394 519 275 736 88 115 231 965 129 796 138 740 171 422 967 913 526 226 93 886 542 91 225 321 439 87 149 240 258 754 287 112 758 135 639 690 235 654 367 828 815 866 940 472 94 953 389 187 493 152 897 425 763 999 579 303 294 953 297 0 965 990 706 375 509 26 982 36 783 276 677 872 858 264 70 675 150 753 226 485 697 962 747 106 856 862 349 759 555 336 396 281 356 367 862 825 160 565 963 68 971 353 404 216 474 25 566 498 928 903 152 540 727 812 302 3 243 599 518 646 677 223 480 447 880 396 516 491 401 245 515 584 789 157 514 344 558 530 632 831 295 850 830 652 183 855 553 544 64 859 581 560 47 316 391 747 873 956 335 77 509 74 96 683 388 567 751 569 297 958 445 712 967 687 350 826 392 828 263 25 842 971 427 542 663 955 537 473 766 766 471 601 195 554 321 221 753 147 263 615 104 984 246 106 414 869 592 359 965 564 355 45 692 309 234 537 647 554 19 433 30 277 802 530 487 843 517 413 365 129 73 244 564 648 921 858 725 321 127 794 362 177 508 202 411 425 908 885 319 784 574 198 128 830 584 826 181 715 618 570 351 179 994 835 491 110 480 44 387 376 811 326 427 225 70 852 769 600 119 61 935 631 93 580 555 874 116 733 63 95 677 9 702 557 442 183 183 672 711 300 944 864 497 943 972 248 771 903 760 732 57 580 596 557 635 719 86 413 280 616 994 747 980 292 698 802 623 870 782 887 668 96 888 819 116 70 134 149 607 306 103 213 973 331 37 96 412 144 921 722 97 770 391 95 305 197 883 204 244 170 624 901 120 873 63 960 691 776 440 564 585 936 805 973 512 781 773 649 255 602 389 478 948 60 789 898 705 793 513 919 186 929 905 437 682 202 93 100 267 76 404 636 704 357 136 160 964 417 582 524 424 234 949 642 780 145 952 59 83 165 255 898 263 521 377 655 31 367 291 310 687 672 382 178 198 753 774 591 923 629 934 287 211 989 495 952 980 263 657 536 249 33 17 102 820 506 373 183 979 481 128 596 126 271 836 751 852 770 443 26 371 361 135 453 231 968 686 273 26 425 675 768 710 754 61 654 655 279 357 691 380 591 611 442 500 337 160 940 152 743 99 209 819 630 165 888 897 563 871 851 820 99 157 553 805 360 886 372 210 182 95 572 412 752 646 779 749 693 953 893 808 745 120 282 325 465 949 79 588 172 756 92 408 506 871 281 434 58 636 140 450 788 730 970 648 527 796 66 984 386 138 204 610 977 43 74 978 874 228 339 411 806 783 37 425 3 163 906 881 365 345 691 56 812 443 20 15 150 633 798 669 882 95 202 34 551 481 431 462 796 302 559 829 296 729 643 4 693 544 645 363 889 185 618 40 447 147 797 533 23 59 828 241 430 670 528 711 580 3 874 521 732 444 84 62 785 861 759 83 799 15 321 606 988 434 779 697 476 162 586 404 683 897 439 737 474 318 399 625 200 932 423 690 670 123 631 445 100 555 254 585 387 713 734 7 737 222 252 995 891 831 234 418 416 469 838 834 5 347 588 467 462 133 882 867 591 631 935 865 803 334 596 920 907 0 16 969 163 431 999 252 65 403 734 369 697 4 273 200 284 796 440 753 967 787 123 254 831 866 416 105 286 387 191 557 234 313 511 415 453 868 671 573 347 336 401 58 399 513 170 586 358 735 580 7 893 842 953 120 877 762 138 296 15 893 965 678 212 177 134 383 493 857 746 416 124 866 405 630 385 64 854 317 696 829 747 551 806 184 663 392 360 391 538 691 729 374 558 454 370 723 846 221 378 786 93 500 988 164 882 27 437 322 735 812 907 820 600 186 146 414 872 28 514 742 23 102 319 55 686 749 308 951 260 661 218 633 939 910 735 247 562 642 301 635 954 37 656 725 784 908 774 372 307 956 850 818 706 635 763 991 181 933 477 132 719 486 62 73 594 273 881 690 450 899 851 230 726 879 788 985 445 593 270 778 975 936 643 303 811 399 926 303 147 744 65 629 164 168 915 468 975 583 131 510 26 84 921 408 105 620 91 827 847 777 545 587 662 699 157 783 842 758 262 194 346 578 543 706 833 221 65 558 963 319 9 862 462 760 751 891 14 234 198 190 308 99 455 369 198 478 967 465 10 132 625 216 321 936 163 448 541 214 575 883 555 533 864 528 767 683 125 902 947 266 768 608 560 71 886 247 122 173 508 354 254 599 547 830 693 792 541 525 596 302 350 799 658 314 634 775 235 927 601 514 353 64 518 744 363 17 656 249 50 916 326 367 706 220 629 956 985 33 834 975 141 599 306 645 915 968 949 245 437 111 11 194 572 993 1 189 81 802 467 676 136 292 475 679 976 983 93 438 685 678 789 202 93 626 372 753 758 872 828 394 67 410 811 938 905 131 794 712 218 439 875 182 566 157 838 849 123 627 668 932 875 511 560 758 321 808 101 946 620 248 430 208 973 72 609 725 480 536 773 845 188 381 219 245 803 606 636 935 787 523 629 131 204 896 519 555 850 53 616 96 29 848 91 970 9 666 208 494 548 113 369 586 853 823 743 493 292 314 955 715 172 166 158 97 618 299 4 77 552 53 875 427 919 676 815 340 289 248 236 136 398 142 387 674 153 42 278 380 152 26 263 535 97 901 924 863 689 994 352 709 662 131 941 494 238 942 667 176 8 403 204 44 78 818 317 30 778 484 944 575 21 624 925 526 790 339 329 17 752 952 651 295 895 526 474 266 200 892 436 210 375 101 372 749 821 219 457 278 584 893 84 204 49 777 688 38 206 415 704 898 613 649 423 56 751 908 148 551 344 50 830 885 48 733 199 919 251 175 704 571 882 50 433 859 867 447 245 118 838 436 60 784 188 537 597 726 677 316 997 912 70 905 934 534 63 199 155 316 578 769 786 30 711 133 16 562 216 564 189 304 663 30 713 907 989 45 697 510 135 472 241 935 177 791 500 976 115 898 795 667 291 928 539 68 650 29 73 54 521 35 510 113 127 693 249 40 191 26 544 18 501 644 181 105 527 850 852 919 633 39 446 317 768 521 12 734 490 644 257 959 971 642 989 99 961 128 808 484 542 459 784 88 353 777 166 646 747 433 541 799 177 154 421 481 588 193 344 606 680 514 549 547 769 584 46 858 655 81 144 398 41 368 377 173 254 357 963 991 354 366 987 56 102 457 782 817 220 508 510 768 784 202 803 28 910 237 319 768 730 307 991 665 289 143 758 808 776 248 226 231 229 352 251 314 527 493 444 311 802 228 637 147 570 375 613 838 565 349 262 17 38 194 260 46 374 321 766 958 699 973 40 972 281 279 538 432 951 488 500 417 793 7 966 502 669 844 94 914 530 919 243 427 985 209 192 35 92 204 940 205 726 485 612 829 187 665 866 291 836 181 887 76 848 845 223 30 228 758 376 530 226 852 428 779 729 612 986 71 86 503 340 746 547 295 690 307 395 137 314 4 978 803 77 349 32 166 579 140 985 162 806 333 827 410 978 873 57 832 99 575 678 794 204 333 840 140 529 552 154 916 635 91 443 372 551 423 774 78 747 563 32 846 85 924 697 6 918 137 317 817 250 562 38 739 325 183 598 744 508 891 637 27 985 69 526 715 889 455 858 554 98 978 85 536 542 832 709 279 635 834 221 391 235 337 665 73 52 704 46 368 824 30 570 856 925 5 861 15 398 981 116 463 279 762 718 272 477 502 197 493 474 318 108 674 669 246 792 647 403 452 662 185 408 489 730 68 408 228 610 536 970 693 881 654 717 758 112 472 618 393 596 550 507 553 894 505 922 895 186 679 213 213 611 945 319 931 54 789 32 650 863 248 891 660 522 780 437 454 956 910 134 319 29 10 856 111 678 855 595 224 146 512 41 931 323 757 82 936 335 786 703 322 440 968 529 347 659 846 30 114 68 467 939 276 545 894 184 601 88 207 253 199 194 807 504 351 206 959 337 765 698 501 118 169 207 811 878 60 480 509 451 831 824 481 155 678 572 765 386 429 573 480 847 127 533 504 128 633 463 178 140 699 509 265 415 567 349 769 68 733 15 123 121 579 755 421 374 712 651 826 778 441 573 908 191 217 653 991 636 703 682 245 596 302 368 752 322 559 65 588 328 803 696 652 413 449 359 267 371 111 129 415 981 637 399 699 126 600 73 198 913 357 132 365 51 770 526 818 211 3 99 815 647 63 497 975 744 920 495 742 858 385 619 524 573 266 264 959 903 668 625 721 485 867 674 971 670 331 601 642 922 540 56 368 12 314 768 917 140 423 955 205 105 330 339 528 738 608 792 784 506 567 915 543 378 378 329 779 388 526 305 412 319 852 820 317 329 251 512 258 498 346 819 479 712 419 615 154 527 146 232 62 538 816 135 354 624 513 990 634 985 988 528 613 118 542 886 252 510 21 198 487 95 534 286 160 748 436 830 958 762 174 252 242 293 242 874 502 717 465 692 815 261 878 272 509 817 205 360 170 533 362 644 505 947 745 966 4 530 975 606 188 683 31 871 811 736 286 320 875 668 383 535 45 328 382 225 217 261 776 342 543 76 660 424 399 530 746 294 547 276 869 972 742 859 504 132 229 6 461 773 530 884 484 501 149 827 598 177 564 519 748 742 753 632 62 112 22 606 471 281 990 991 773 599 798 411 793 185 824 249 996 210 800 3 812 658 591 158 275 572 931 569 729 27 527 127 218 109 796 392 110 622 535 179 782 539 111 885 702 738 33 413 352 314 523 538 942 749 820 404 520 863 331 899 350 420 262 745 71 671 192 683 389 431 139 373 675 621 220 273 546 706 455 536 538 518 216 414 503 989 185 469 289 391 871 246 291 635 829 362 276 365 813 31 546 350 23 921 175 149 863 321 528 547 858 814 408 795 361 832 204 847 242 82 486 723 394 997 560 893 82 39 791 858 996 181 892 424 990 188 494 295 239 353 125 864 940 742 533 57 838 496 274 996 157 429 123 730 545 822 955 25 360 281 67 823 529 669 551 677 921 983 804 172 337 909 607 888 956 622 782 651 464 503 55 586 764 794 701 566 57 162 879 167 232 468 934 958 286 302 334 270 191 856 135 854 691 101 659 248 822 234 773 922 40 303 561 857 226 481 58 734 968 984 619 759 104 637 940 869 974 649 602 654 287 511 460 607 367 201 895 663 135 452 743 822 388 956 127 928 906 76 732 804 243 600 302 206 237 375 749 53 161 789 273 173 632 119 635 528 843 954 490 25 586 395 598 515 241 796 371 148 509 12 962 898 916 797 410 686 209 254 370 992 451 841 502 346 178 570 190 269 321 599 85 952 586 707 218 848 2 786 964 440 4 601 544 148 827 375 256 834 708 948 318 588 584 498 573 744 893 252 337 671 606 102 827 910 927 10 311 209 578 562 684 423 289 929 987 849 297 353 518 803 313 355 560 372 280 496 367 88 133 474 954 750 449 293 834 902 774 633 221 816 63 46 256 146 264 895 298 654 510 724 447 540 733 533 357 251 541 454 629 430 642 223 76 104 607 933 973 996 95 85 74 663 132 701 739 266 99 414 108 385 198 712 577 408 26 414 17 915 936 583 360 320 4 790 174 840 970 151 538 330 921 302 559 425 649 783 407 31 794 90 151 127 346 243 232 929 645 667 77 193 916 58 59 512 724 754 659 342 527 899 296 947 876 777 464 895 153 152 759 242 6 985 121 845 431 233 973 760 557 244 194 302 73 345 413 863 242 47 700 895 124 65 503 894 793 203 250 568 779 337 776 493 908 834 186 930 937 214 80 491 781 898 784 283 705 994 874 531 363 601 652 105 452 863 118 941 482 226 51 227 982 404 980 220 467 701 393 238 159 482 925 28 966 208 114 226 281 220 189 798 329 719 204 178 684 670 40 44 716 244 448 710 162 853 508 376 917 564 815 3 601 635 372 881 675 624 138 243 749 891 660 261 36 252 897 263 199 802 536 796 660 348 521 914 33 215 865 113 699 737 308 717 405 185 197 694 347 323 503 59 532 796 295 825 584 187 673 909 955 245 176 115 28 18 343 253 113 457 847 459 758 25 544 12 583 942 856 851 55 203 915 876 298 476 264 864 53 696 329 846 541 956 157 454 560 193 688 387 842 944 580 889 476 43 300 506 252 282 242 641 330 822 854 752 330 300 817 551 753 479 199 417 128 0 918 802 868 89 451 389 254 469 9 110 623 25 400 254 175 758 611 770 454 687 515 719 102 405 123 260 375 137 633 363 744 163 760 475 125 498 638 162 831 852 387 861 813 743 129 304 900 562 375 995 867 429 962 441 484 198 700 462 966 191 13 116 835 645 365 460 264 924 128 677 119 449 939 602 299 654 906 358 275 819 359 813 761 638 495 315 200 319 990 926 797 175 196 640 838 270 26 167 377 669 39 975 433 698 875 418 490 360 141 830 292 341 186 146 831 200 355 196 150 50 259 945 934 202 880 943 252 299 764 28 627 738 981 606 780 383 379 63 763 77 825 840 178 159 634 455 988 50 808 637 915 829 17 327 409 94 41 231 817 931 166 191 595 113 202 553 360 580 366 448 820 292 433 72 224 418 767 774 568 424 955 202 490 126 113 798 721 653 197 685 342 148 245 831 911 634 244 65 956 80 94 408 683 360 816 622 396 944 102 991 327 266 663 392 976 963 700 469 999 404 832 706 382 680 106 672 47 601 161 590 174 701 817 487 330 546 518 130 309 490 401 776 551 206 358 75 484 852 855 947 934 775 65 552 247 387 25 3 254 143 575 795 783 512 816 625 449 175 62 429 445 569 159 508 3 55 155 176 321 30 188 195 745 213 656 398 636 265 240 942 520 515 876 165 915 606 993 39 389 733 626 309 789 426 502 364 615 556 549 192 232 848 681 223 955 379 49 569 856 418 988 183 935 120 909 929 693 993 593 397 61 116 787 587 404 878 405 319 711 291 783 79 716 48 709 671 833 653 210 535 556 423 182 971 745 442 374 669 516 572 671 621 963 152 130 116 61 94 818 76 974 730 858 564 634 908 467 886 410 237 96 39 783 57 840 638 933 816 842 962 504 736 802 138 620 161 116 564 917 593 610 739 834 133 561 825 565 618 336 836 974 487 259 279 476 631 837 905 311 492 182 244 251 855 572 237 927 720 944 472 792 903 969 816 627 357 204 650 495 14 72 315 480 6 987 17 477 522 661 989 323 210 252 425 411 365 487 979 561 323 897 844 674 863 44 71 518 442 652 119 426 187 409 296 419 867 764 245 868 554 760 404 58 954 148 581 650 543 405 261 869 225 89 172 116 228 641 616 961 916 499 34 870 542 562 136 800 956 6 544 600 241 111 6 562 492 786 719 714 462 421 974 37 391 249 200 97 237 179 191 225 148 283 951 54 726 534 516 392 12 780 694 536 861 660 627 114 82 609 624 442 922 901 499 495 524 997 479 293 362 39 563 776 815 318 452 958 159 951 836 958 269 327 702 681 727 437 176 730 621 85 14 627 555 749 303 246 784 456 530 729 55 223 29 972 217 917 721 543 207 669 955 130 772 665 172 595 199 817 768 87 820 748 671 276 24 935 221 66 14 206 173 702 421 107 903 46 297 729 464 810 716 633 523 951 130 884 855 889 576 708 46 966 688 443 908 306 551 753 948 282 695 655 528 0 496 253 708 664 762 125 297 469 353 957 370 187 225 719 145 140 79 331 489 305 160 206 13 978 199 596 495 543 780 181 114 60 104 522 455 877 175 190 127 451 410 576 613 730 72 721 81 832 607 808 202 363 166 223 840 289 239 730 465 165 630 754 689 171 843 310 82 702 263 268 964 889 204 37 894 583 593 282 906 478 515 663 936 971 979 750 894 881 682 166 637 444 725 961 821 656 887 441 887 761 639 378 568 339 843 312 159 128 328 256 696 956 823 987 650 966 818 717 192 92 415 200 20 97 630 519 164 242 216 238 696 151 395 145 839 136 95 596 128 666 591 766 553 425 469 681 621 737 310 854 838 170 249 794 345 438 358 470 708 324 148 916 911 89 560 544 560 678 148 514 871 221 589 526 501 649 646 595 628 949 898 426 931 361 400 525 902 600 799 400 777 624 888 803 517 674 854 464 864 925 120 943 589 796 983 616 581 723 293 695 791 763 842 759 425 721 985 550 689 35 642 960 879 747 736 246 333 785 8 827 795 182 730 702 828 955 837 135 378 783 944 179 307 103 609 14 782 129 378 795 688 304 774 829 282 160 64 841 59 736 283 796 714 465 900 608 32 139 930 470 884 850 171 905 90 462 652 775 138 722 463 203 406 212 138 491 408 901 420 668 891 995 75 641 499 148 464 841 202 0 981 643 198 907 910 838 132 868 739 819 508 288 703 336 272 79 389 501 327 409 200 131 719 261 579 889 774 529 406 941 998 810 573 137 741 820 5 499 301 299 358 539 162 600 160 602 292 738 369 419 759 963 514 793 799 849 924 936 328 21 64 602 462 797 821 697 715 565 595 452 74 889 199 28 50 661 969 119 101 976 597 35 160 986 182 34 296 779 338 891 896 68 170 280 234 756 76 364 778 462 887 726 143 917 345 869 763 485 743 138 880 805 835 351 424 29 442 476 614 786 401 935 227 704 555 5 718 919 793 294 584 604 340 639 88 870 892 243 641 312 271 810 36 199 10 91 233 819 856 205 314 600 750 991 61 952 499 438 361 339 150 844 692 448 553 275 464 195 263 553 137 199 835 301 515 590 898 27 693 464 772 899 63 587 980 984 854 349 577 136 370 453 881 301 162 427 118 587 646 735 626 37 556 302 68 114 765 448 476 470 53 472 745 896 567 250 781 104 468 568 421 115 617 126 183 683 317 533 139 88 472 311 381 958 837 734 343 760 519 865 219 406 872 107 83 898 708 984 734 911 645 14 118 77 314 511 419 429 118 384 797 231 308 388 998 742 90 786 59 832 907 20 585 603 349 15 242 510 43 284 975 332 798 228 442 457 192 303 644 326 314 914 641 134 67 987 97 484 108 341 808 921 925 901 4 625 429 515 728 299 268 909 386 834 409 464 432 80 946 540 549 786 142 732 518 992 378 450 536 361 917 758 401 702 476 53 407 897 223 816 28 677 575 345 57 405 528 807 724 602 554 16 538 568 791 21 778 192 383 11 246 978 979 366 381 510 507 683 357 355 57 535 856 129 511 872 210 797 675 112 464 571 726 933 807 900 220 833 911 454 275 214 513 212 570 50 697 209 963 547 897 844 449 368 545 19 159 408 56 918 810 981 517 270 546 675 251 46 559 480 289 674 772 902 80 843 21 644 559 460 175 1 834 127 215 620 121 357 387 787 740 811 776 992 644 293 697 243 665 894 798 651 650 482 257 223 71 546 287 702 997 515 849 595 743 809 147 389 55 926 553 894 658 771 739 478 897 780 258 786 146 778 979 664 662 523 351 351 870 991 549 575 69 685 790 225 962 181 249 834 146 307 188 739 340 904 993 878 743 779 326 291 287 500 555 219 536 184 933 219 458 795 519 63 377 978 824 972 981 514 516 716 530 423 640 838 590 240 323 757 529 472 608 90 665 257 287 569 129 570 689 777 247 29 376 350 788 124 362 362 80 21 897 228 263 610 760 864 860 717 629 296 860 176 690 985 187 428 398 119 690 255 842 410 824 738 468 500 46 289 50 465 877 961 676 508 574 379 827 55 496 423 708 412 941 393 916 71 339 390 162 359 725 242 671 825 179 487 403 524 141 259 817 571 667 163 418 899 499 181 411 808 601 343 622 267 546 429 468 431 821 397 161 655 126 690 740 635 289 851 329 87 975 302 913 236 606 136 745 777 975 16 572 157 979 354 758 381 619 404 278 749 18 972 702 744 98 161 445 976 423 782 610 647 852 324 833 298 430 386 661 409 684 690 456 805 825 3 676 771 932 358 15 884 572 579 68 3 599 169 138 445 691 769 354 192 405 924 305 655 521 459 951 233 743 868 65 328 516 897 919 94 485 673 43 64 767 725 74 273 256 829 

0 0 0 0 0 0 0 1 1 1 1 1 1 1 1 2 2 2 2 2 2 2 3 3 3 3 3 3 3 3 3 3 3 3 3 3 3 4 4 4 4 4 4 4 4 4 4 4 5 5 5 5 5 5 5 5 5 5 5 5 5 5 5 5 6 6 6 6 6 6 6 6 6 6 6 6 7 7 7 7 7 7 7 7 7 7 8 8 8 8 9 9 9 9 9 9 9 9 9 10 10 10 10 10 10 10 10 10 11 11 11 11 11 11 11 11 11 11 12 12 12 12 12 12 12 12 12 12 12 12 13 13 13 13 13 13 13 13 13 14 14 14 14 14 14 14 14 14 14 14 14 15 15 15 15 15 15 15 15 15 15 15 15 15 15 16 16 16 16 16 16 16 16 16 16 16 16 17 17 17 17 17 17 17 17 17 17 17 17 18 18 18 18 18 18 18 18 18 18 19 19 19 19 19 20 20 20 20 20 20 20 20 20 21 21 21 21 21 21 21 21 21 21 21 21 21 21 22 22 22 22 23 23 23 23 23 23 23 24 24 24 24 24 24 24 24 24 24 24 24 25 25 25 25 25 25 25 25 25 25 25 25 25 25 25 25 25 26 26 26 26 26 26 26 26 26 26 26 26 26 26 26 26 26 26 26 26 27 27 27 27 27 27 27 27 28 28 28 28 28 28 28 28 28 28 28 28 28 29 29 29 29 29 29 29 29 29 29 29 29 30 30 30 30 30 30 30 30 30 30 30 30 30 30 30 31 31 31 31 31 31 31 31 31 31 32 32 32 32 32 32 32 32 33 33 33 33 33 33 33 33 33 34 34 34 34 34 34 34 34 34 34 34 34 34 35 35 35 35 35 35 35 35 35 36 36 36 36 36 36 37 37 37 37 37 37 37 37 37 37 37 37 38 38 38 38 38 38 38 38 39 39 39 39 39 39 39 39 39 39 39 40 40 40 40 40 40 40 40 40 40 40 41 41 41 41 41 41 41 41 41 42 42 42 42 42 42 42 42 42 42 42 42 43 43 43 43 43 44 44 44 44 44 44 44 45 45 45 45 45 45 45 46 46 46 46 46 46 46 46 46 46 46 46 46 46 46 47 47 47 47 47 47 47 47 48 48 48 48 48 49 49 49 49 49 49 49 50 50 50 50 50 50 50 50 50 50 50 50 50 50 50 50 50 50 51 51 51 51 51 51 52 52 52 52 52 52 53 53 53 53 53 53 53 53 53 53 53 53 53 54 54 54 54 54 54 54 54 54 55 55 55 55 55 55 55 55 55 55 55 55 55 56 56 56 56 56 56 56 56 56 56 56 57 57 57 57 57 57 57 57 57 58 58 58 58 58 58 58 58 59 59 59 59 59 59 59 59 59 59 59 59 59 59 60 60 60 60 60 60 60 60 60 60 60 60 60 60 61 61 61 61 61 61 61 61 61 62 62 62 62 62 62 62 62 62 62 62 63 63 63 63 63 63 63 63 63 63 63 63 63 63 63 63 63 63 64 64 64 64 64 64 64 64 64 64 65 65 65 65 65 65 65 65 65 65 65 65 65 65 65 65 65 65 66 66 66 66 66 66 66 66 66 67 67 67 67 67 67 67 67 67 67 67 68 68 68 68 68 68 68 68 68 68 68 68 68 69 69 69 69 69 69 69 69 69 69 69 70 70 70 70 70 70 70 70 70 71 71 71 71 71 71 71 71 71 72 72 72 72 72 72 72 72 73 73 73 73 73 73 73 73 73 73 73 73 73 74 74 74 74 74 74 74 74 74 75 75 75 75 75 76 76 76 76 76 76 76 76 76 76 77 77 77 77 77 77 77 77 77 77 77 78 78 78 78 78 78 78 78 78 79 79 79 79 79 79 80 80 80 80 80 80 80 80 80 80 80 80 80 80 81 81 81 81 81 81 81 81 81 81 82 82 82 82 82 82 82 82 82 82 82 82 82 82 82 82 83 83 83 83 83 83 83 83 83 83 83 83 83 84 84 84 84 84 84 84 85 85 85 85 85 85 85 85 85 86 86 86 87 87 87 87 87 87 87 87 87 87 87 88 88 88 88 88 88 88 88 88 88 88 88 88 88 89 89 89 89 89 89 89 89 89 89 90 90 90 90 90 90 90 90 90 90 90 90 91 91 91 91 91 91 91 91 91 92 92 92 92 92 92 92 93 93 93 93 93 93 93 93 93 93 94 94 94 94 94 94 94 94 94 94 94 94 94 94 95 95 95 95 95 95 95 95 95 95 95 95 95 95 95 95 95 96 96 96 96 96 96 96 97 97 97 97 97 97 97 97 97 97 98 98 98 98 98 98 98 99 99 99 99 99 99 99 99 99 99 99 99 100 100 100 100 100 100 100 100 101 101 101 101 101 101 101 101 101 102 102 102 102 102 102 102 102 102 103 103 103 103 103 104 104 104 104 104 104 104 104 104 104 104 104 105 105 105 105 105 105 105 105 105 105 105 105 105 105 105 105 106 106 106 106 106 106 106 106 106 107 107 107 107 107 107 108 108 108 108 108 108 108 108 108 108 108 109 109 109 109 110 110 110 110 110 110 110 110 110 111 111 111 111 111 111 111 111 112 112 112 112 112 112 112 112 112 112 112 113 113 113 113 113 113 113 113 113 113 113 114 114 114 114 114 114 114 114 114 114 114 115 115 115 115 115 115 115 115 116 116 116 116 116 116 116 116 116 116 116 116 116 116 116 116 117 117 117 117 117 117 118 118 118 118 118 118 118 118 118 119 119 119 119 119 119 119 119 119 119 120 120 120 120 120 120 120 120 121 121 121 121 121 121 121 122 122 122 122 122 123 123 123 123 123 123 123 123 123 123 123 123 123 123 123 124 124 124 124 124 124 124 124 124 125 125 125 125 125 125 125 125 125 125 125 125 126 126 126 126 126 126 126 126 126 126 127 127 127 127 127 127 127 127 127 128 128 128 128 128 128 128 128 128 128 128 128 128 129 129 129 129 129 129 129 129 129 129 129 129 129 129 130 130 130 130 130 130 131 131 131 131 131 131 131 131 131 131 131 131 131 132 132 132 132 132 132 132 132 132 132 132 132 133 133 133 133 133 133 133 133 133 133 134 134 134 134 134 134 134 134 134 134 134 135 135 135 135 135 135 135 135 135 136 136 136 136 136 136 136 136 136 137 137 137 137 137 137 137 137 137 137 138 138 138 138 138 138 138 138 138 138 138 138 138 138 138 138 138 139 139 139 139 139 139 139 139 139 140 140 140 140 140 140 140 140 140 140 140 140 140 140 140 140 141 141 141 141 141 141 141 141 141 142 142 142 142 142 142 142 143 143 143 143 143 143 143 144 144 144 144 144 144 144 145 145 145 145 145 145 145 145 145 146 146 146 146 146 146 146 146 146 146 146 146 146 146 147 147 147 147 147 147 147 147 147 147 147 147 147 147 147 147 147 148 148 148 148 148 148 148 148 148 148 148 148 148 148 148 149 149 149 149 149 149 149 149 149 149 149 150 150 150 150 150 150 150 150 151 151 151 151 151 151 151 151 151 151 151 152 152 152 152 152 152 152 152 152 152 152 152 152 152 153 153 153 153 153 153 153 153 153 153 154 154 154 154 154 154 154 154 155 155 155 155 155 155 156 156 156 157 157 157 157 157 157 157 157 157 157 157 158 158 158 158 158 158 158 159 159 159 159 159 159 159 159 159 160 160 160 160 160 160 160 160 160 160 160 161 161 161 161 161 161 161 161 161 161 161 161 162 162 162 162 162 162 162 162 162 162 162 162 162 162 162 162 163 163 163 163 163 163 163 163 163 164 164 164 164 164 164 164 164 164 165 165 165 165 165 165 165 165 165 165 166 166 166 166 166 166 166 166 166 166 166 166 166 167 167 167 167 167 167 168 168 168 168 168 168 168 168 168 168 169 169 169 169 169 169 169 169 169 169 170 170 170 170 170 170 170 170 170 170 170 170 171 171 171 171 171 171 171 172 172 172 172 172 172 172 172 172 172 172 172 173 173 173 173 173 173 173 173 173 173 173 173 173 173 174 174 174 174 174 174 174 174 174 174 174 174 175 175 175 175 175 175 175 175 175 175 175 175 175 175 176 176 176 176 176 176 176 176 176 176 176 176 176 176 176 176 176 177 177 177 177 177 177 177 177 178 178 178 178 178 178 178 178 178 178 178 178 179 179 179 179 179 179 179 179 179 179 179 180 180 180 180 181 181 181 181 181 181 181 181 181 181 181 181 182 182 182 182 182 182 182 182 182 183 183 183 183 183 183 183 183 183 183 183 183 183 183 183 183 183 184 184 184 184 184 184 184 184 184 184 184 184 185 185 185 185 185 185 185 185 185 185 185 185 185 185 185 185 186 186 186 186 186 186 186 186 186 186 186 186 186 186 187 187 187 187 187 187 187 187 188 188 188 188 188 188 188 188 188 189 189 189 189 189 189 189 190 190 190 190 190 190 190 190 190 190 190 191 191 191 191 191 191 191 191 191 191 191 191 191 192 192 192 192 192 192 192 192 192 192 192 193 193 193 193 193 193 193 193 193 193 193 194 194 194 194 194 194 194 194 194 194 195 195 195 195 195 195 195 195 195 196 196 196 196 196 196 197 197 197 197 197 197 197 197 197 197 197 197 198 198 198 198 198 198 198 198 198 198 198 198 198 198 199 199 199 199 199 199 199 199 199 199 199 199 199 199 200 200 200 200 200 200 200 200 200 200 200 200 201 201 201 201 201 201 201 201 201 201 201 202 202 202 202 202 202 202 202 202 202 202 202 202 202 203 203 203 203 203 203 203 203 203 203 203 203 203 204 204 204 204 204 204 204 204 204 204 204 204 204 204 204 204 205 205 205 205 205 205 205 205 205 205 205 206 206 206 206 206 206 206 206 206 206 206 207 207 207 207 207 207 207 207 208 208 208 208 208 208 208 208 209 209 209 209 209 209 209 209 209 210 210 210 210 210 210 210 210 210 210 210 211 211 211 211 211 211 211 211 211 212 212 212 212 212 212 212 212 212 212 212 212 213 213 213 213 213 213 214 214 214 214 214 214 214 215 215 215 215 215 215 215 215 215 216 216 216 216 216 216 216 216 216 216 216 216 217 217 217 217 217 217 217 217 217 217 218 218 218 218 218 218 219 219 219 219 219 219 219 219 220 220 220 220 220 220 220 220 220 220 220 221 221 221 221 221 221 221 221 221 221 221 221 221 221 221 222 222 222 222 223 223 223 223 223 223 223 223 223 223 223 223 223 223 223 223 223 223 223 224 224 224 224 224 225 225 225 225 225 225 225 225 225 225 225 226 226 226 226 226 226 226 226 227 227 227 227 227 227 228 228 228 228 228 228 228 228 228 228 228 229 229 229 229 230 230 230 230 230 231 231 231 231 231 231 231 231 231 231 232 232 232 232 232 233 233 233 233 233 233 233 234 234 234 234 234 234 234 234 234 234 234 234 234 234 234 235 235 235 235 235 235 235 236 236 236 236 236 236 236 236 236 236 237 237 237 237 237 237 237 237 237 237 237 238 238 238 238 238 238 238 239 239 239 240 240 240 240 240 240 240 240 240 240 240 240 241 241 241 241 241 241 241 241 241 241 241 241 242 242 242 242 242 242 242 242 242 242 242 242 243 243 243 243 243 243 243 243 243 243 243 243 243 243 243 244 244 244 244 244 244 244 244 244 244 245 245 245 245 245 245 245 245 245 245 245 245 245 245 245 246 246 246 246 246 246 246 246 246 246 246 246 246 247 247 247 247 247 247 247 247 247 247 247 247 248 248 248 248 248 248 248 248 248 248 249 249 249 249 249 249 249 249 249 249 249 249 250 250 250 250 250 250 250 250 250 250 250 251 251 251 251 251 251 251 251 251 251 251 251 252 252 252 252 252 252 252 252 252 252 252 252 252 253 253 253 253 253 253 253 253 253 253 253 254 254 254 254 254 254 254 254 254 254 254 254 254 254 254 255 255 255 255 255 255 255 255 255 255 255 255 255 256 256 256 256 256 256 256 256 256 256 256 256 257 257 257 257 257 257 257 257 257 257 257 257 257 258 258 258 258 258 258 259 259 259 259 259 259 260 260 260 260 260 260 260 260 260 260 260 260 261 261 261 261 261 261 261 261 261 261 261 261 262 262 262 262 262 262 262 262 262 262 262 262 263 263 263 263 263 263 263 263 263 263 263 263 263 263 263 263 263 263 264 264 264 264 264 264 264 264 264 265 265 265 265 265 266 266 266 266 266 266 266 266 266 266 267 267 267 267 267 267 268 268 268 268 268 268 269 269 269 269 269 269 269 269 269 269 269 270 270 270 270 270 270 270 270 270 270 270 271 271 271 271 271 271 271 271 272 272 272 272 272 272 273 273 273 273 273 273 273 273 273 273 273 273 273 273 274 274 274 274 274 274 275 275 275 275 275 275 275 276 276 276 276 276 276 276 276 276 276 276 277 277 277 277 277 277 278 278 278 278 278 278 278 279 279 279 279 279 279 279 279 279 279 279 279 280 280 280 280 280 280 280 281 281 281 281 281 281 281 281 282 282 282 282 282 282 282 282 282 283 283 283 283 284 284 284 284 284 284 284 284 284 285 285 285 285 285 285 286 286 286 286 286 286 286 286 286 286 286 287 287 287 287 287 287 287 287 287 287 287 287 287 287 288 288 288 288 288 288 288 289 289 289 289 289 289 289 289 289 289 289 289 289 289 290 290 290 290 290 291 291 291 291 291 291 291 291 291 291 291 291 291 291 292 292 292 292 292 292 292 292 292 292 292 292 293 293 293 293 293 293 293 293 293 293 293 293 293 293 293 294 294 294 294 294 294 294 294 294 294 294 295 295 295 295 295 295 295 295 295 295 296 296 296 296 296 296 296 296 296 296 296 296 296 297 297 297 297 297 297 297 297 297 297 297 297 298 298 298 298 298 299 299 299 299 299 299 299 299 299 299 299 299 299 299 300 300 300 300 300 300 300 300 300 300 300 301 301 301 301 301 301 301 301 301 301 302 302 302 302 302 302 302 302 302 302 302 302 302 302 302 302 302 303 303 303 303 303 303 303 303 303 303 303 304 304 304 304 304 304 304 304 304 305 305 305 305 305 305 305 305 305 305 305 305 305 306 306 306 306 306 307 307 307 307 307 307 307 307 307 307 308 308 308 308 308 308 308 308 308 308 309 309 309 309 309 309 309 309 309 309 309 310 310 310 310 310 310 310 311 311 311 311 311 311 311 311 311 312 312 312 312 312 312 312 313 313 313 313 313 313 313 313 314 314 314 314 314 314 314 314 314 314 314 314 314 314 315 315 315 315 315 315 316 316 316 316 316 316 316 317 317 317 317 317 317 317 317 317 317 317 317 317 317 318 318 318 318 318 318 318 318 318 318 318 319 319 319 319 319 319 319 319 319 319 319 319 319 320 320 320 320 320 320 321 321 321 321 321 321 321 321 321 321 321 321 321 322 322 322 322 322 322 322 322 322 322 322 323 323 323 323 323 323 323 323 323 323 323 324 324 324 324 324 324 324 324 324 324 324 325 325 325 325 325 325 325 325 326 326 326 326 326 326 326 327 327 327 327 327 327 327 327 327 327 328 328 328 328 328 328 328 328 328 328 328 329 329 329 329 329 329 329 329 329 330 330 330 330 330 330 330 330 330 330 330 330 330 330 330 331 331 331 331 331 331 331 331 331 332 332 332 332 332 332 333 333 333 333 333 333 334 334 334 334 334 334 334 334 334 334 335 335 335 336 336 336 336 336 336 336 337 337 337 337 337 337 337 337 337 338 338 338 338 338 338 338 338 338 339 339 339 339 339 339 339 339 339 339 340 340 340 340 340 340 340 340 340 341 341 341 341 341 342 342 342 342 342 342 342 342 343 343 343 343 343 343 343 343 343 344 344 344 344 344 344 344 344 344 345 345 345 345 345 345 345 345 345 346 346 346 346 346 346 347 347 347 347 347 347 347 347 348 348 348 348 348 348 348 348 348 349 349 349 349 349 349 349 349 349 349 349 349 349 350 350 350 350 350 350 350 350 350 350 351 351 351 351 351 351 351 351 351 351 352 352 352 352 352 352 352 352 353 353 353 353 353 353 353 353 353 353 354 354 354 354 354 354 354 354 354 354 354 355 355 355 355 355 355 355 356 356 356 356 356 356 356 357 357 357 357 357 357 357 357 357 357 357 358 358 358 358 358 358 358 358 358 358 358 358 358 358 359 359 359 359 359 359 360 360 360 360 360 360 360 360 360 360 360 360 360 360 360 360 361 361 361 361 361 361 361 361 362 362 362 362 362 362 362 362 362 362 362 362 363 363 363 363 363 363 363 363 363 363 364 364 364 364 364 364 364 364 364 364 364 365 365 365 365 365 365 365 365 365 366 366 366 366 366 366 366 367 367 367 367 367 367 367 367 367 367 367 367 367 367 368 368 368 368 368 368 368 369 369 369 369 369 369 369 370 370 370 370 370 370 370 370 370 371 371 371 371 371 371 371 371 372 372 372 372 372 372 372 372 372 372 372 372 373 373 373 373 373 373 373 373 373 373 374 374 374 374 374 374 374 374 374 374 374 375 375 375 375 375 375 375 375 375 375 376 376 376 376 376 376 376 376 376 376 376 376 377 377 377 377 377 377 377 377 377 377 377 377 378 378 378 378 378 378 378 378 378 378 378 378 378 378 379 379 379 379 379 379 379 379 380 380 380 381 381 381 381 381 381 382 382 382 382 382 382 382 382 383 383 383 383 383 383 383 383 383 383 384 384 384 384 384 384 385 385 385 385 385 385 385 385 385 385 385 385 385 385 385 385 385 386 386 386 386 386 386 387 387 387 387 387 387 387 387 387 387 387 387 387 387 387 388 388 388 388 388 388 388 388 388 388 389 389 389 389 389 389 389 389 389 389 389 389 389 389 390 390 390 390 391 391 391 391 391 391 391 391 391 391 392 392 392 392 392 392 392 392 392 392 392 393 393 393 393 393 393 393 393 393 394 394 394 394 394 394 394 394 394 394 395 395 395 395 395 395 395 395 395 395 395 395 396 396 396 396 396 396 396 396 396 396 396 396 396 397 397 397 397 397 397 397 397 398 398 398 398 398 398 398 398 398 398 398 398 398 399 399 399 399 399 399 399 400 400 400 400 400 400 400 400 400 400 400 400 401 401 401 401 401 401 401 401 401 401 401 401 401 401 402 402 402 402 403 403 403 403 403 403 403 403 403 403 403 403 403 403 404 404 404 404 404 404 404 404 404 404 404 404 404 405 405 405 405 405 405 405 405 405 405 405 406 406 406 406 406 406 406 406 407 407 407 407 407 407 407 407 408 408 408 408 408 408 408 408 408 408 408 408 408 408 408 408 409 409 409 409 409 409 409 409 409 409 409 409 410 410 410 410 410 410 410 410 410 410 411 411 411 411 411 411 411 411 411 411 411 411 411 412 412 412 412 412 412 412 412 412 413 413 413 413 413 413 413 413 413 413 414 414 414 414 414 414 414 414 415 415 415 415 415 415 416 416 416 416 416 416 416 416 416 416 416 417 417 417 417 417 418 418 418 418 418 418 418 418 418 419 419 419 419 419 419 419 419 420 420 420 420 420 420 420 420 420 420 421 421 421 421 421 421 421 421 422 422 422 422 422 422 423 423 423 423 423 423 423 423 423 423 423 423 423 423 423 423 424 424 424 424 424 424 424 425 425 425 425 425 425 425 425 425 425 425 426 426 426 426 426 426 426 426 426 426 426 426 426 426 427 427 427 427 427 427 427 427 428 428 428 428 428 428 428 428 428 429 429 429 429 429 429 429 429 429 429 429 429 429 429 430 430 430 430 430 430 430 431 431 431 431 431 431 431 431 431 431 431 432 432 432 432 432 432 433 433 433 433 433 433 433 433 433 433 434 434 434 434 434 434 434 435 435 436 436 436 436 436 436 436 436 436 436 436 437 437 437 437 437 437 437 437 437 437 438 438 438 438 438 438 438 438 439 439 439 439 439 439 439 439 440 440 440 440 440 440 440 440 440 440 441 441 441 441 441 441 441 441 442 442 442 442 442 442 442 442 442 442 442 442 442 442 443 443 443 443 443 444 444 444 444 444 444 444 444 444 444 444 444 444 444 444 444 444 445 445 445 445 445 445 445 445 445 446 446 446 446 446 446 447 447 447 447 447 448 448 448 448 448 448 448 448 448 448 448 449 449 449 449 449 449 449 449 449 449 449 449 449 450 450 450 450 450 450 450 450 450 450 450 450 450 451 451 451 451 451 451 451 451 451 451 451 452 452 452 452 452 452 453 453 453 453 453 453 453 453 453 453 453 453 453 454 454 454 454 454 454 454 454 454 454 454 454 454 454 455 455 455 455 455 455 455 455 455 455 455 456 456 456 456 456 456 456 456 456 456 457 457 457 457 457 457 457 457 457 457 457 458 458 458 458 458 458 459 459 459 459 459 459 460 460 460 460 460 460 460 460 460 461 461 461 461 461 461 461 461 462 462 462 462 462 462 462 462 462 462 463 463 463 463 463 463 463 463 463 463 463 463 463 463 463 463 464 464 464 464 464 464 464 464 464 464 464 464 464 464 465 465 465 465 465 465 465 465 465 466 466 466 466 466 466 467 467 467 467 467 467 467 468 468 468 468 468 468 468 468 468 468 468 468 469 469 469 469 469 469 469 469 469 469 469 469 469 469 469 469 469 470 470 470 470 470 470 470 471 471 471 471 471 471 471 472 472 472 472 472 472 472 472 472 472 472 472 472 472 473 473 473 473 473 473 474 474 474 474 474 475 475 475 475 475 476 476 476 476 476 476 476 476 476 476 477 477 477 477 477 477 477 477 477 478 478 478 478 478 478 478 478 479 479 479 479 479 479 479 479 479 480 480 480 480 480 480 480 481 481 481 481 481 481 481 481 481 481 481 482 482 482 482 482 482 482 482 483 483 483 483 484 484 484 484 484 484 484 484 484 485 485 485 485 485 485 485 485 485 485 486 486 486 486 486 486 487 487 487 487 487 487 487 487 487 487 487 487 487 487 488 488 488 488 489 489 489 489 489 489 490 490 490 490 490 490 490 490 490 490 491 491 491 491 491 491 491 491 491 491 491 491 491 492 492 492 492 492 492 492 492 492 492 492 493 493 493 493 493 493 493 493 493 493 493 493 493 493 494 494 494 494 494 494 494 494 494 494 494 494 495 495 495 495 495 495 495 495 495 495 495 495 495 495 496 496 496 496 496 496 496 496 496 497 497 497 497 497 498 498 498 498 498 498 498 498 498 498 498 498 498 498 499 499 499 499 499 499 499 499 499 499 499 499 499 500 500 500 500 500 500 500 500 500 500 501 501 501 501 501 501 501 501 502 502 502 502 502 502 502 502 502 502 502 502 502 503 503 503 503 503 503 503 503 503 503 503 503 503 503 504 504 504 504 504 505 505 505 505 505 506 506 506 506 506 506 506 506 506 506 506 506 507 507 507 507 507 507 508 508 508 508 508 508 508 508 508 508 508 508 508 509 509 509 509 509 509 509 509 509 509 509 509 510 510 510 510 510 510 510 510 510 510 510 510 510 510 510 510 510 510 511 511 511 511 511 511 511 511 511 512 512 512 512 512 512 512 512 513 513 513 513 513 513 513 513 513 513 513 514 514 514 514 514 514 514 514 514 514 514 514 515 515 515 515 515 515 515 515 515 515 515 515 516 516 516 516 516 516 516 516 516 517 517 517 517 517 517 517 517 517 517 517 517 517 517 518 518 518 518 518 518 518 518 518 519 519 519 519 519 519 519 519 519 519 519 519 519 519 520 520 520 520 520 520 520 520 520 520 521 521 521 521 521 521 521 521 521 521 522 522 522 522 522 522 522 522 523 523 523 523 523 523 523 523 523 524 524 524 524 524 524 524 525 525 525 525 525 525 526 526 526 526 526 526 526 526 526 526 526 526 526 526 526 527 527 527 527 527 527 527 527 527 527 527 528 528 528 528 528 528 528 528 528 528 528 528 528 528 529 529 529 529 529 529 529 529 529 529 529 530 530 530 530 530 530 530 530 530 530 530 530 530 530 531 531 531 531 531 532 532 532 532 532 532 532 532 532 533 533 533 533 533 533 533 533 533 534 534 534 534 534 534 534 534 535 535 535 535 535 535 535 535 535 535 535 536 536 536 536 536 536 536 536 536 536 536 536 537 537 537 537 537 537 537 538 538 538 538 538 538 538 538 538 538 538 538 538 538 538 538 538 539 539 539 539 539 539 539 539 539 539 540 540 540 540 540 540 540 540 541 541 541 541 541 541 541 541 541 541 541 542 542 542 542 542 542 542 542 542 542 542 542 542 543 543 543 543 543 543 543 543 543 543 543 544 544 544 544 544 544 544 544 544 544 544 544 545 545 545 545 545 545 545 545 545 545 545 545 546 546 546 546 546 546 546 546 546 546 546 546 546 546 547 547 547 547 547 547 547 547 547 547 547 547 547 547 547 547 547 548 548 548 548 548 549 549 549 549 549 549 549 549 550 550 550 550 550 550 550 550 551 551 551 551 551 551 551 551 551 551 551 551 551 552 552 552 552 552 552 552 552 552 553 553 553 553 553 553 553 553 553 553 553 553 554 554 554 554 554 554 554 554 554 554 554 554 555 555 555 555 555 555 555 555 555 555 555 555 555 555 555 555 556 556 556 556 556 556 556 556 556 557 557 557 557 557 557 558 558 558 558 558 558 558 558 558 559 559 559 559 559 559 559 559 559 559 560 560 560 560 560 560 560 560 560 560 560 560 561 561 561 561 561 561 561 561 561 562 562 562 562 562 562 562 562 562 562 562 563 563 563 563 563 564 564 564 564 564 564 564 564 564 564 564 564 564 564 564 565 565 565 565 565 565 565 566 566 566 566 567 567 567 567 567 567 567 567 567 567 568 568 568 568 568 568 568 568 568 568 568 569 569 569 569 569 569 569 569 569 570 570 570 570 570 570 570 570 570 570 570 570 571 571 571 571 571 571 571 572 572 572 572 572 572 572 572 572 572 572 572 572 572 573 573 573 573 573 573 573 573 573 573 573 573 573 573 574 574 574 574 574 574 575 575 575 575 575 575 575 575 575 575 575 576 576 576 576 576 576 576 577 577 577 577 577 577 577 577 578 578 578 578 578 578 578 578 579 579 579 579 579 579 579 579 579 579 579 580 580 580 580 580 580 580 580 580 580 581 581 581 581 581 581 582 582 582 582 582 583 583 583 583 583 583 583 583 583 583 583 583 583 583 584 584 584 584 584 584 584 584 584 584 585 585 585 585 585 585 585 585 586 586 586 586 586 586 586 586 586 586 587 587 587 587 587 587 587 587 587 587 588 588 588 588 588 588 588 588 589 589 589 589 589 590 590 590 590 590 590 590 590 591 591 591 591 591 591 591 591 591 591 591 591 591 592 592 592 592 592 593 593 593 593 593 593 594 594 594 594 594 595 595 595 595 595 595 595 595 595 595 595 595 595 596 596 596 596 596 596 596 596 596 596 596 596 596 596 596 597 597 597 597 597 597 597 597 597 597 598 598 598 598 598 598 598 598 598 599 599 599 599 599 599 599 599 599 599 599 600 600 600 600 600 600 600 600 600 600 601 601 601 601 601 601 601 601 601 601 601 601 602 602 602 602 602 602 602 602 602 603 603 604 604 604 604 604 604 605 605 605 605 605 605 605 605 605 606 606 606 606 606 606 606 606 606 606 606 606 606 606 606 606 607 607 607 607 607 607 607 607 607 607 608 608 608 608 608 608 608 609 609 609 609 609 609 609 609 609 609 610 610 610 610 610 610 610 610 610 610 610 610 610 611 611 611 611 611 611 611 611 611 611 612 612 612 612 612 612 613 613 613 613 613 613 613 613 613 613 613 613 614 614 614 614 615 615 615 615 615 615 615 615 616 616 616 616 616 616 616 616 617 617 617 617 618 618 618 618 618 618 619 619 619 619 619 619 619 619 620 620 620 620 620 620 620 620 620 620 621 621 621 621 621 621 621 621 622 622 622 622 622 622 622 622 623 623 623 623 623 623 623 624 624 624 624 624 624 624 624 624 624 624 624 625 625 625 625 625 625 625 625 625 626 626 626 626 626 626 626 626 627 627 627 627 627 627 627 627 628 628 628 628 628 628 628 628 629 629 629 629 629 629 629 629 629 629 630 630 630 630 630 630 630 630 630 631 631 631 631 631 631 631 631 632 632 632 632 632 632 633 633 633 633 633 633 633 633 633 633 633 633 633 633 633 634 634 634 634 634 634 634 634 635 635 635 635 635 635 635 635 635 635 635 635 635 635 635 636 636 636 636 636 636 636 636 636 636 637 637 637 637 637 637 637 637 637 637 637 637 637 637 638 638 638 639 639 639 639 639 639 639 639 639 639 639 639 640 640 640 640 640 641 641 641 641 641 641 641 641 641 641 642 642 642 642 642 642 642 642 642 642 642 642 643 643 643 643 643 643 643 643 643 643 643 644 644 644 644 644 644 644 644 644 644 644 644 644 645 645 645 645 645 645 645 645 645 645 645 645 645 646 646 646 646 646 646 646 646 646 646 646 646 646 646 646 647 647 647 647 647 647 648 648 648 648 648 649 649 649 649 649 649 649 649 649 650 650 650 650 650 650 650 650 650 650 650 650 650 650 651 651 651 651 651 651 651 651 651 651 652 652 652 652 652 652 652 653 653 653 653 653 653 653 653 653 653 653 653 653 653 653 654 654 654 654 654 654 654 654 654 654 654 654 654 654 655 655 655 655 655 655 655 655 655 655 656 656 656 656 656 656 656 656 656 656 657 657 657 657 657 657 657 658 658 658 658 658 658 658 658 658 658 658 658 658 658 659 659 659 659 659 659 659 659 659 659 659 659 660 660 660 660 660 660 660 660 660 660 661 661 661 661 661 661 661 661 662 662 662 662 662 662 662 663 663 663 663 663 663 663 663 663 663 664 664 664 664 664 664 664 664 665 665 665 665 665 665 665 665 665 665 665 665 666 666 666 666 666 666 666 666 666 667 667 667 667 667 668 668 668 668 668 668 668 668 668 668 669 669 669 669 669 669 669 669 669 669 669 669 669 669 669 670 670 670 670 670 670 670 670 670 670 670 670 670 670 671 671 671 671 671 671 671 671 671 671 671 671 672 672 672 672 672 672 672 673 673 673 673 673 673 673 673 674 674 674 674 674 674 674 674 674 674 674 674 674 674 675 675 675 675 675 675 675 675 676 676 676 676 676 676 676 677 677 677 677 677 677 677 677 677 677 677 677 677 677 677 677 677 677 677 678 678 678 678 678 678 678 678 678 678 678 678 678 678 678 679 679 679 679 679 679 680 680 680 680 680 680 680 680 680 680 680 680 680 681 681 681 681 681 681 681 681 681 682 682 682 682 682 683 683 683 683 683 683 683 683 683 683 683 683 683 683 684 684 684 684 684 684 684 684 685 685 685 685 685 685 685 685 685 685 685 685 685 685 685 685 686 686 686 686 686 686 686 686 687 687 687 687 687 687 687 687 687 687 687 688 688 688 688 688 688 688 688 688 688 688 689 689 689 689 689 689 689 689 689 690 690 690 690 690 690 690 690 690 691 691 691 691 691 691 691 691 691 691 691 691 691 692 692 692 692 692 692 693 693 693 693 693 693 693 693 693 693 693 693 694 694 694 694 694 694 694 695 695 695 695 695 695 695 696 696 696 696 696 696 696 696 696 696 696 697 697 697 697 697 697 697 697 697 697 697 697 698 698 698 698 698 698 698 698 699 699 699 699 699 699 699 699 699 700 700 700 700 700 700 700 700 700 700 701 701 701 701 701 701 701 701 701 702 702 702 702 702 702 702 702 702 702 702 702 702 703 703 703 703 703 703 703 703 703 703 704 704 704 704 704 704 705 705 705 706 706 706 706 706 706 706 706 706 706 706 707 707 707 708 708 708 708 708 708 708 708 708 708 708 708 708 708 708 709 709 709 709 709 709 709 710 710 710 710 710 710 710 710 710 711 711 711 711 711 711 711 711 711 712 712 712 712 712 712 712 712 712 712 713 713 713 713 713 714 714 714 714 714 714 714 715 715 715 715 715 715 715 715 716 716 716 716 716 716 716 716 716 716 717 717 717 717 717 717 717 717 717 717 718 718 718 718 718 718 718 718 718 718 719 719 719 719 719 719 719 719 719 719 719 719 719 719 720 720 720 720 720 721 721 721 721 721 721 721 721 721 722 722 722 722 722 722 723 723 723 723 723 723 723 723 723 723 724 724 724 724 724 724 725 725 725 725 725 725 725 725 725 725 725 725 725 725 726 726 726 726 726 726 726 726 726 726 727 727 727 727 727 727 727 727 727 728 728 728 728 728 729 729 729 729 729 729 729 729 729 729 729 729 730 730 730 730 730 730 730 730 730 730 730 730 731 731 731 731 731 732 732 732 732 732 732 732 732 732 732 733 733 733 733 733 733 733 733 733 733 733 734 734 734 734 734 734 734 734 734 734 734 735 735 735 735 735 735 736 736 736 736 736 736 736 736 736 736 736 736 737 737 737 737 737 737 737 737 737 737 738 738 738 738 738 738 738 738 738 738 739 739 739 739 739 739 739 739 739 739 739 739 739 739 739 739 740 740 740 740 740 741 741 741 741 741 742 742 742 742 742 742 742 742 743 743 743 743 743 743 743 743 743 743 743 743 743 743 744 744 744 744 744 744 744 744 744 744 744 744 744 745 745 745 745 745 745 745 745 745 746 746 746 746 746 746 746 747 747 747 747 747 747 747 747 747 747 747 747 748 748 748 748 748 748 748 748 749 749 749 749 749 749 749 749 749 750 750 750 750 750 750 751 751 751 751 751 751 751 751 752 752 752 752 752 752 752 752 752 752 752 753 753 753 753 753 753 753 753 753 753 753 753 753 753 753 754 754 754 754 754 754 754 754 754 755 755 755 755 756 756 756 756 756 756 756 757 757 757 757 757 757 757 757 757 757 757 758 758 758 758 758 758 758 758 758 758 758 758 758 758 758 758 759 759 759 759 759 759 759 759 759 759 759 759 759 759 759 759 760 760 760 760 760 760 760 760 760 760 760 760 760 760 761 761 761 761 761 761 762 762 762 762 762 762 762 762 763 763 763 763 763 763 763 763 764 764 764 764 764 764 764 764 764 764 764 764 765 765 765 765 765 765 766 766 766 766 766 766 766 766 766 766 767 767 767 767 767 768 768 768 768 768 768 768 768 768 768 768 769 769 769 769 769 769 769 770 770 770 770 770 770 770 770 770 770 770 770 771 771 771 771 771 772 772 772 772 772 772 772 772 772 772 772 773 773 773 773 773 773 773 773 773 773 773 774 774 774 774 774 774 774 774 774 774 774 774 774 774 774 775 775 775 775 775 775 775 775 776 776 776 776 776 776 776 776 776 776 776 776 777 777 777 777 777 777 777 777 777 777 777 778 778 778 778 778 778 778 778 778 778 778 778 778 778 779 779 779 779 779 779 779 779 779 779 779 779 780 780 780 780 780 780 780 780 780 780 781 781 781 781 781 781 781 781 781 781 781 781 782 782 782 782 782 782 782 782 782 782 782 782 783 783 783 783 783 783 783 783 783 783 783 783 783 783 783 784 784 784 784 784 784 784 784 784 784 784 784 784 784 785 785 785 785 785 786 786 786 786 786 786 786 786 786 786 786 786 786 787 787 787 787 787 787 787 787 788 788 788 788 788 788 788 788 788 788 789 789 789 789 789 789 789 789 789 789 789 790 790 790 790 790 790 790 790 790 790 790 791 791 791 791 791 791 791 791 791 791 791 791 791 791 791 791 792 792 792 792 792 792 792 792 792 793 793 793 793 793 793 793 793 793 794 794 794 794 794 794 794 794 794 794 794 794 795 795 795 795 795 795 795 795 795 795 795 795 796 796 796 796 796 796 796 796 796 796 796 796 796 796 796 796 796 796 796 796 797 797 797 797 797 797 797 797 797 797 797 797 797 798 798 798 798 798 798 798 798 798 798 798 798 798 798 799 799 799 799 799 799 799 799 799 799 799 799 799 800 800 800 800 800 800 800 800 800 800 801 801 801 801 801 801 801 801 801 802 802 802 802 802 802 802 802 802 802 802 802 802 802 802 803 803 803 803 803 803 803 803 803 803 803 803 803 804 804 804 804 805 805 805 805 805 805 806 806 806 806 806 806 806 806 806 806 807 807 807 807 807 807 807 807 807 808 808 808 808 808 808 808 808 808 808 808 808 808 808 809 809 809 809 809 810 810 810 810 810 810 810 810 811 811 811 811 811 811 811 811 811 811 811 811 811 812 812 812 812 812 812 812 812 812 812 812 812 812 813 813 813 813 813 813 814 814 814 814 815 815 815 815 815 815 815 815 816 816 816 816 816 816 816 816 816 817 817 817 817 817 817 817 817 817 817 817 817 817 817 817 817 817 818 818 818 818 818 818 818 818 818 818 818 818 818 818 818 818 818 818 819 819 819 819 819 819 819 819 819 819 819 819 819 819 819 820 820 820 820 820 820 820 820 820 820 821 821 821 821 821 821 821 821 821 821 821 821 821 822 822 822 822 822 822 822 822 823 823 823 823 823 823 823 823 823 823 823 823 824 824 824 824 824 824 824 824 825 825 825 825 825 825 825 825 825 825 825 826 826 826 826 826 826 826 826 826 827 827 827 827 827 827 827 827 827 827 827 827 827 827 828 828 828 828 828 828 828 828 828 829 829 829 829 829 829 829 829 829 829 829 829 830 830 830 830 830 830 830 830 830 830 830 831 831 831 831 831 831 831 831 831 831 831 831 831 831 831 831 831 831 832 832 832 832 832 832 832 832 832 832 833 833 833 833 833 833 833 833 834 834 834 834 834 834 834 834 834 834 834 834 834 834 834 834 834 835 835 835 835 835 835 835 835 835 835 835 835 835 836 836 836 836 836 836 836 836 836 836 837 837 837 837 837 837 838 838 838 838 838 838 838 838 838 838 838 838 839 839 839 839 839 839 840 840 840 840 840 840 840 840 840 840 841 841 841 841 841 841 841 841 841 842 842 842 842 842 842 842 842 842 842 842 843 843 843 843 843 843 843 844 844 844 844 844 844 844 844 844 844 845 845 845 845 846 846 846 846 846 846 846 846 847 847 847 847 847 847 847 847 848 848 848 848 848 848 848 848 848 848 848 848 848 848 849 849 849 849 849 849 849 849 849 850 850 850 850 850 850 850 850 850 850 850 851 851 851 851 851 851 851 851 851 851 851 851 851 852 852 852 852 852 852 852 852 852 852 852 852 853 853 853 853 853 853 853 853 853 853 853 853 854 854 854 854 854 854 854 854 854 854 855 855 855 855 855 855 855 855 855 856 856 856 856 856 856 856 856 856 856 856 856 856 856 856 856 856 857 857 857 857 857 857 857 857 857 858 858 858 858 858 858 858 858 858 858 858 858 858 859 859 859 859 859 859 860 860 860 860 860 860 860 860 860 861 861 861 861 861 861 861 861 861 861 861 862 862 862 862 862 862 862 862 862 862 862 862 862 863 863 863 863 863 863 863 863 863 863 863 863 864 864 864 864 864 864 864 864 864 864 864 864 864 865 865 865 865 865 865 865 865 865 866 866 866 866 866 866 866 866 866 866 866 866 867 867 867 867 867 867 867 867 867 867 867 867 867 868 868 868 868 868 868 868 869 869 869 869 869 869 869 869 869 870 870 870 870 870 870 870 870 871 871 871 871 871 871 871 871 871 871 871 872 872 872 872 872 872 872 872 872 873 873 873 873 873 873 874 874 874 874 874 874 874 874 874 874 874 874 874 874 874 875 875 875 875 875 875 875 875 875 875 875 875 875 875 875 875 875 876 876 876 876 876 876 876 876 877 877 877 877 877 877 877 877 878 878 878 878 878 878 878 878 878 878 879 879 879 879 879 879 879 879 880 880 880 880 880 880 880 881 881 881 881 881 881 881 882 882 882 882 882 882 882 882 882 882 883 883 883 883 883 883 883 883 884 884 884 884 884 884 884 884 884 885 885 885 885 885 885 885 885 885 885 885 885 886 886 886 886 886 886 886 886 886 886 886 887 887 887 887 887 887 887 887 887 887 888 888 888 888 888 888 888 888 888 889 889 889 889 889 889 889 889 889 890 890 891 891 891 891 891 891 891 891 891 891 891 891 891 892 892 892 892 892 892 892 893 893 893 893 893 893 893 893 893 893 894 894 894 894 894 894 894 895 895 895 895 895 895 895 895 895 896 896 896 896 896 896 896 896 897 897 897 897 897 897 897 897 897 897 897 897 897 897 897 897 897 898 898 898 898 898 898 898 898 898 898 898 898 898 898 899 899 899 899 899 899 899 899 900 900 900 900 900 900 900 901 901 901 901 901 901 901 901 901 901 901 901 901 902 902 902 902 902 902 902 902 902 903 903 903 903 903 903 903 903 903 903 903 904 904 905 905 905 905 905 905 905 905 905 905 905 905 905 905 906 906 906 906 906 906 906 906 906 906 906 906 907 907 907 907 907 907 907 907 907 907 907 907 908 908 908 908 908 908 908 908 908 908 908 908 908 908 909 909 909 909 909 909 909 910 910 910 910 910 910 910 910 910 910 910 910 910 911 911 911 911 911 911 911 912 912 912 912 912 912 912 912 912 912 913 913 913 913 913 913 913 913 913 913 914 914 914 914 914 914 914 914 915 915 915 915 915 915 915 915 915 915 915 915 915 916 916 916 916 916 916 916 916 916 916 916 916 916 916 916 916 916 916 917 917 917 917 917 917 917 917 917 917 917 917 917 918 918 918 918 918 918 918 918 918 918 918 918 919 919 919 919 919 919 919 919 919 919 919 919 919 919 920 920 920 920 920 920 920 921 921 921 921 921 921 921 921 921 921 922 922 922 922 922 922 922 922 923 923 923 923 923 923 924 924 924 924 924 924 924 924 924 924 924 924 924 924 924 924 924 924 925 925 925 925 925 925 925 925 925 926 926 926 926 926 926 926 926 926 926 926 926 926 927 927 927 927 927 927 927 927 927 927 927 928 928 928 928 928 928 928 929 929 929 929 929 929 929 929 929 929 929 929 930 930 930 930 930 930 931 931 931 931 931 931 931 931 931 932 932 932 932 932 932 932 932 932 932 932 933 933 933 933 933 933 933 933 933 934 934 934 934 934 934 934 934 934 935 935 935 935 935 935 935 935 935 935 935 935 936 936 936 936 936 936 936 936 936 936 936 936 936 937 937 937 937 937 937 937 937 937 938 938 938 938 938 938 938 939 939 939 939 939 939 939 939 939 939 939 939 940 940 940 940 940 940 940 940 940 940 940 940 940 940 940 941 941 941 941 941 941 941 941 941 941 941 941 942 942 942 942 942 942 943 943 943 943 943 943 944 944 944 944 944 944 944 944 944 944 944 944 944 945 945 945 945 945 945 945 946 946 946 946 946 946 946 946 946 947 947 947 947 947 947 947 947 947 947 948 948 948 948 948 948 949 949 949 949 949 949 949 949 949 949 949 950 950 950 950 950 951 951 951 951 951 951 951 951 951 951 952 952 952 952 952 952 952 952 952 953 953 953 953 953 953 953 953 953 954 954 954 954 954 954 954 955 955 955 955 955 955 955 955 955 955 955 955 955 955 956 956 956 956 956 956 956 956 956 956 956 956 956 957 957 957 957 957 957 958 958 958 958 958 958 958 958 958 958 958 958 959 959 959 959 959 959 959 959 959 960 960 960 960 961 961 961 961 961 961 961 961 961 961 962 962 962 962 962 962 962 962 962 962 962 962 963 963 963 963 963 963 963 963 963 963 963 963 963 963 964 964 964 964 964 964 964 964 964 964 964 964 965 965 965 965 965 965 965 965 965 966 966 966 966 966 966 966 966 966 966 966 967 967 967 967 967 967 967 967 967 967 967 967 967 967 968 968 968 968 968 968 968 968 968 968 968 968 969 969 969 969 969 969 969 969 969 969 969 969 970 970 970 970 970 970 970 970 971 971 971 971 971 971 971 971 971 971 972 972 972 972 972 972 972 972 972 973 973 973 973 973 973 973 973 973 973 973 973 974 974 974 974 974 974 974 974 974 975 975 975 975 975 975 975 975 975 975 975 975 975 976 976 976 976 976 976 976 977 977 977 978 978 978 978 978 978 978 978 978 978 978 978 979 979 979 979 979 979 979 979 979 979 979 980 980 980 980 980 980 980 980 980 980 981 981 981 981 981 981 981 981 982 982 982 982 982 982 982 983 983 983 983 983 983 983 983 983 983 984 984 984 984 984 984 984 984 984 984 984 985 985 985 985 985 985 985 985 985 985 985 985 985 985 985 986 986 986 986 986 986 986 986 986 986 987 987 987 987 987 987 987 987 987 988 988 988 988 988 988 988 988 988 988 988 988 988 988 988 989 989 989 989 989 989 990 990 990 990 990 990 990 991 991 991 991 991 991 991 991 991 991 991 991 991 991 992 992 992 992 992 992 993 993 993 993 993 993 993 993 993 994 994 994 994 994 994 994 994 995 995 995 995 995 995 995 995 995 995 995 995 995 995 996 996 996 996 996 996 997 997 997 997 997 997 997 997 997 997 997 998 998 998 998 998 998 998 998 999 999 999 999 999 999 